(0.429, 0.571)
(0.835, 0.165)
(0.255, 0.745)
(0.358, 0.642)
(0.543, 0.457)
(0.501, 0.499)
(0.349, 0.651)
(0.517, 0.483)
(0.523, 0.477)
(0.247, 0.753)
(0.563, 0.437)
(0.365, 0.635)
(0.399, 0.601)
(0.399, 0.601)
(0.438, 0.562)
(0.318, 0.682)
(0.59, 0.41)
(0.311, 0.689)
(0.57, 0.43)
(0.548, 0.452)
(0.387, 0.613)
(0.541, 0.459)
(0.467, 0.533)
(0.453, 0.547)
(0.426, 0.574)
(0.542, 0.458)
(0.44, 0.56)
(0.455, 0.545)
(0.412, 0.588)
(0.491, 0.509)
(0.361, 0.639)
(0.251, 0.749)
(0.294, 0.706)
(0.65, 0.35)
(0.461, 0.539)
(0.504, 0.496)
(0.411, 0.589)
(0.459, 0.541)
(0.566, 0.434)
(0.546, 0.454)
(0.493, 0.507)
(0.291, 0.709)
(0.621, 0.379)
(0.745, 0.255)
(0.676, 0.324)
(0.374, 0.626)
(0.432, 0.568)
(0.664, 0.336)
(0.718, 0.282)
(0.616, 0.384)
(0.596, 0.404)
(0.528, 0.472)
(0.699, 0.301)
(0.567, 0.433)
(0.386, 0.614)
(0.482, 0.518)
(0.447, 0.553)
(0.574, 0.426)
(0.499, 0.501)
(0.593, 0.407)
(0.736, 0.264)
(0.621, 0.379)
(0.499, 0.501)
(0.385, 0.615)
(0.527, 0.473)
(0.371, 0.629)
(0.444, 0.556)
(0.508, 0.492)
(0.703, 0.297)
(0.624, 0.376)
(0.514, 0.486)
(0.576, 0.424)
(0.577, 0.423)
(0.306, 0.694)
(0.437, 0.563)
(0.745, 0.255)
(0.404, 0.596)
(0.579, 0.421)
(0.307, 0.693)
(0.403, 0.597)
(0.294, 0.706)
(0.512, 0.488)
(0.533, 0.467)
(0.328, 0.672)
(0.546, 0.454)
(0.535, 0.465)
(0.601, 0.399)
(0.385, 0.615)
(0.366, 0.634)
(0.389, 0.611)
(0.341, 0.659)
(0.382, 0.618)
(0.428, 0.572)
(0.498, 0.502)
(0.603, 0.397)
(0.662, 0.338)
(0.493, 0.507)
(0.384, 0.616)
(0.539, 0.461)
(0.383, 0.617)
(0.449, 0.551)
(0.545, 0.455)
(0.614, 0.386)
(0.509, 0.491)
(0.383, 0.617)
(0.322, 0.678)
(0.464, 0.536)
(0.501, 0.499)
(0.482, 0.518)
(0.513, 0.487)
(0.477, 0.523)
(0.541, 0.459)
(0.487, 0.513)
(0.618, 0.382)
(0.404, 0.596)
(0.278, 0.722)
(0.442, 0.558)
(0.422, 0.578)
(0.535, 0.465)
(0.452, 0.548)
(0.562, 0.438)
(0.64, 0.36)
(0.555, 0.445)
(0.476, 0.524)
(0.474, 0.526)
(0.582, 0.418)
(0.452, 0.548)
(0.591, 0.409)
(0.526, 0.474)
(0.588, 0.412)
(0.39, 0.61)
(0.529, 0.471)
(0.437, 0.563)
(0.599, 0.401)
(0.615, 0.385)
(0.548, 0.452)
(0.619, 0.381)
(0.638, 0.362)
(0.499, 0.501)
(0.407, 0.593)
(0.574, 0.426)
(0.241, 0.759)
(0.503, 0.497)
(0.57, 0.43)
(0.554, 0.446)
(0.718, 0.282)
(0.244, 0.756)
(0.417, 0.583)
(0.6, 0.4)
(0.47, 0.53)
(0.291, 0.709)
(0.515, 0.485)
(0.457, 0.543)
(0.427, 0.573)
(0.45, 0.55)
(0.555, 0.445)
(0.418, 0.582)
(0.564, 0.436)
(0.653, 0.347)
(0.313, 0.687)
(0.672, 0.328)
(0.494, 0.506)
(0.434, 0.566)
(0.308, 0.692)
(0.684, 0.316)
(0.559, 0.441)
(0.566, 0.434)
(0.693, 0.307)
(0.37, 0.63)
(0.522, 0.478)
(0.427, 0.573)
(0.643, 0.357)
(0.462, 0.538)
(0.428, 0.572)
(0.496, 0.504)
(0.572, 0.428)
(0.278, 0.722)
(0.526, 0.474)
(0.269, 0.731)
(0.58, 0.42)
(0.595, 0.405)
(0.205, 0.795)
(0.488, 0.512)
(0.734, 0.266)
(0.346, 0.654)
(0.562, 0.438)
(0.452, 0.548)
(0.222, 0.778)
(0.478, 0.522)
(0.57, 0.43)
(0.499, 0.501)
(0.665, 0.335)
(0.396, 0.604)
(0.441, 0.559)
(0.604, 0.396)
(0.561, 0.439)
(0.401, 0.599)
(0.561, 0.439)
(0.519, 0.481)
(0.463, 0.537)
(0.507, 0.493)
(0.572, 0.428)
(0.364, 0.636)
(0.251, 0.749)
(0.163, 0.837)
(0.648, 0.352)
(0.744, 0.256)
(0.459, 0.541)
(0.684, 0.316)
(0.571, 0.429)
(0.714, 0.286)
(0.432, 0.568)
(0.567, 0.433)
(0.332, 0.668)
(0.726, 0.274)
(0.725, 0.275)
(0.765, 0.235)
(0.72, 0.28)
(0.706, 0.294)
(0.452, 0.548)
(0.64, 0.36)
(0.546, 0.454)
(0.49, 0.51)
(0.677, 0.323)
(0.635, 0.365)
(0.749, 0.251)
(0.475, 0.525)
(0.443, 0.557)
(0.232, 0.768)
(0.433, 0.567)
(0.488, 0.512)
(0.599, 0.401)
(0.449, 0.551)
(0.547, 0.453)
(0.5, 0.5)
(0.667, 0.333)
(0.483, 0.517)
(0.348, 0.652)
(0.472, 0.528)
(0.486, 0.514)
(0.618, 0.382)
(0.427, 0.573)
(0.293, 0.707)
(0.339, 0.661)
(0.424, 0.576)
(0.323, 0.677)
(0.379, 0.621)
(0.663, 0.337)
(0.721, 0.279)
(0.767, 0.233)
(0.381, 0.619)
(0.337, 0.663)
(0.632, 0.368)
(0.497, 0.503)
(0.36, 0.64)
(0.254, 0.746)
(0.45, 0.55)
(0.411, 0.589)
(0.746, 0.254)
(0.67, 0.33)
(0.643, 0.357)
(0.242, 0.758)
(0.407, 0.593)
(0.599, 0.401)
(0.676, 0.324)
(0.689, 0.311)
(0.783, 0.217)
(0.297, 0.703)
(0.628, 0.372)
(0.669, 0.331)
(0.614, 0.386)
(0.574, 0.426)
(0.596, 0.404)
(0.66, 0.34)
(0.739, 0.261)
(0.791, 0.209)
(0.524, 0.476)
(0.468, 0.532)
(0.342, 0.658)
(0.498, 0.502)
(0.569, 0.431)
(0.525, 0.475)
(0.487, 0.513)
(0.567, 0.433)
(0.504, 0.496)
(0.566, 0.434)
(0.513, 0.487)
(0.418, 0.582)
(0.639, 0.361)
(0.523, 0.477)
(0.484, 0.516)
(0.388, 0.612)
(0.445, 0.555)
(0.505, 0.495)
(0.547, 0.453)
(0.322, 0.678)
(0.256, 0.744)
(0.651, 0.349)
(0.62, 0.38)
(0.318, 0.682)
(0.385, 0.615)
(0.501, 0.499)
(0.5, 0.5)
(0.312, 0.688)
(0.318, 0.682)
(0.494, 0.506)
(0.44, 0.56)
(0.671, 0.329)
(0.725, 0.275)
(0.549, 0.451)
(0.339, 0.661)
(0.475, 0.525)
(0.438, 0.562)
(0.226, 0.774)
(0.746, 0.254)
(0.633, 0.367)
(0.761, 0.239)
(0.684, 0.316)
(0.644, 0.356)
(0.58, 0.42)
(0.568, 0.432)
(0.42, 0.58)
(0.418, 0.582)
(0.454, 0.546)
(0.664, 0.336)
(0.488, 0.512)
(0.26, 0.74)
(0.491, 0.509)
(0.518, 0.482)
(0.566, 0.434)
(0.426, 0.574)
(0.194, 0.806)
(0.262, 0.738)
(0.783, 0.217)
(0.649, 0.351)
(0.307, 0.693)
(0.275, 0.725)
(0.709, 0.291)
(0.415, 0.585)
(0.66, 0.34)
(0.701, 0.299)
(0.693, 0.307)
(0.698, 0.302)
(0.784, 0.216)
(0.398, 0.602)
(0.324, 0.676)
(0.573, 0.427)
(0.795, 0.205)
(0.749, 0.251)
(0.333, 0.667)
(0.35, 0.65)
(0.429, 0.571)
(0.443, 0.557)
(0.521, 0.479)
(0.593, 0.407)
(0.628, 0.372)
(0.785, 0.215)
(0.743, 0.257)
(0.633, 0.367)
(0.432, 0.568)
(0.248, 0.752)
(0.451, 0.549)
(0.18, 0.82)
(0.331, 0.669)
(0.51, 0.49)
(0.744, 0.256)
(0.834, 0.166)
(0.66, 0.34)
(0.329, 0.671)
(0.258, 0.742)
(0.334, 0.666)
(0.18, 0.82)
(0.438, 0.562)
(0.345, 0.655)
(0.616, 0.384)
(0.744, 0.256)
(0.314, 0.686)
(0.299, 0.701)
(0.538, 0.462)
(0.808, 0.192)
(0.598, 0.402)
(0.407, 0.593)
(0.374, 0.626)
(0.452, 0.548)
(0.206, 0.794)
(0.373, 0.627)
(0.359, 0.641)
(0.383, 0.617)
(0.273, 0.727)
(0.368, 0.632)
(0.439, 0.561)
(0.663, 0.337)
(0.713, 0.287)
(0.369, 0.631)
(0.272, 0.728)
(0.299, 0.701)
(0.521, 0.479)
(0.626, 0.374)
(0.533, 0.467)
(0.548, 0.452)
(0.651, 0.349)
(0.497, 0.503)
(0.448, 0.552)
(0.326, 0.674)
(0.44, 0.56)
(0.748, 0.252)
(0.785, 0.215)
(0.588, 0.412)
(0.71, 0.29)
(0.595, 0.405)
(0.521, 0.479)
(0.276, 0.724)
(0.274, 0.726)
(0.366, 0.634)
(0.522, 0.478)
(0.794, 0.206)
(0.636, 0.364)
(0.693, 0.307)
(0.661, 0.339)
(0.518, 0.482)
(0.438, 0.562)
(0.408, 0.592)
(0.257, 0.743)
(0.234, 0.766)
(0.531, 0.469)
(0.394, 0.606)
(0.437, 0.563)
(0.462, 0.538)
(0.533, 0.467)
(0.602, 0.398)
(0.549, 0.451)
(0.603, 0.397)
(0.384, 0.616)
(0.37, 0.63)
(0.485, 0.515)
(0.495, 0.505)
(0.496, 0.504)
(0.575, 0.425)
(0.475, 0.525)
(0.483, 0.517)
(0.217, 0.783)
(0.395, 0.605)
(0.679, 0.321)
(0.54, 0.46)
(0.547, 0.453)
(0.397, 0.603)
(0.405, 0.595)
(0.356, 0.644)
(0.593, 0.407)
(0.605, 0.395)
(0.386, 0.614)
(0.364, 0.636)
(0.619, 0.381)
(0.478, 0.522)
(0.53, 0.47)
(0.597, 0.403)
(0.26, 0.74)
(0.37, 0.63)
(0.597, 0.403)
(0.685, 0.315)
(0.498, 0.502)
(0.446, 0.554)
(0.333, 0.667)
(0.285, 0.715)
(0.471, 0.529)
(0.479, 0.521)
(0.365, 0.635)
(0.591, 0.409)
(0.618, 0.382)
(0.564, 0.436)
(0.431, 0.569)
(0.639, 0.361)
(0.408, 0.592)
(0.355, 0.645)
(0.649, 0.351)
(0.518, 0.482)
(0.522, 0.478)
(0.656, 0.344)
(0.465, 0.535)
(0.362, 0.638)
(0.77, 0.23)
(0.522, 0.478)
(0.203, 0.797)
(0.539, 0.461)
(0.547, 0.453)
(0.529, 0.471)
(0.524, 0.476)
(0.612, 0.388)
(0.551, 0.449)
(0.391, 0.609)
(0.384, 0.616)
(0.404, 0.596)
(0.466, 0.534)
(0.632, 0.368)
(0.688, 0.312)
(0.6, 0.4)
(0.505, 0.495)
(0.488, 0.512)
(0.46, 0.54)
(0.489, 0.511)
(0.597, 0.403)
(0.505, 0.495)
(0.545, 0.455)
(0.592, 0.408)
(0.357, 0.643)
(0.536, 0.464)
(0.568, 0.432)
(0.419, 0.581)
(0.474, 0.526)
(0.535, 0.465)
(0.474, 0.526)
(0.442, 0.558)
(0.498, 0.502)
(0.399, 0.601)
(0.509, 0.491)
(0.357, 0.643)
(0.525, 0.475)
(0.525, 0.475)
(0.543, 0.457)
(0.524, 0.476)
(0.459, 0.541)
(0.424, 0.576)
(0.538, 0.462)
(0.595, 0.405)
(0.363, 0.637)
(0.491, 0.509)
(0.525, 0.475)
(0.524, 0.476)
(0.527, 0.473)
(0.592, 0.408)
(0.578, 0.422)
(0.604, 0.396)
(0.512, 0.488)
(0.422, 0.578)
(0.42, 0.58)
(0.47, 0.53)
(0.51, 0.49)
(0.445, 0.555)
(0.501, 0.499)
(0.595, 0.405)
(0.462, 0.538)
(0.456, 0.544)
(0.554, 0.446)
(0.513, 0.487)
(0.499, 0.501)
(0.449, 0.551)
(0.521, 0.479)
(0.485, 0.515)
(0.504, 0.496)
(0.56, 0.44)
(0.533, 0.467)
(0.561, 0.439)
(0.538, 0.462)
(0.619, 0.381)
(0.355, 0.645)
(0.432, 0.568)
(0.541, 0.459)
(0.456, 0.544)
(0.47, 0.53)
(0.555, 0.445)
(0.474, 0.526)
(0.409, 0.591)
(0.583, 0.417)
(0.508, 0.492)
(0.478, 0.522)
(0.505, 0.495)
(0.568, 0.432)
(0.561, 0.439)
(0.467, 0.533)
(0.381, 0.619)
(0.541, 0.459)
(0.55, 0.45)
(0.493, 0.507)
(0.469, 0.531)
(0.509, 0.491)
(0.584, 0.416)
(0.505, 0.495)
(0.671, 0.329)
(0.617, 0.383)
(0.473, 0.527)
(0.586, 0.414)
(0.592, 0.408)
(0.603, 0.397)
(0.529, 0.471)
(0.637, 0.363)
(0.423, 0.577)
(0.429, 0.571)
(0.523, 0.477)
(0.59, 0.41)
(0.443, 0.557)
(0.467, 0.533)
(0.469, 0.531)
(0.425, 0.575)
(0.411, 0.589)
(0.397, 0.603)
(0.663, 0.337)
(0.423, 0.577)
(0.261, 0.739)
(0.42, 0.58)
(0.615, 0.385)
(0.627, 0.373)
(0.718, 0.282)
(0.443, 0.557)
(0.539, 0.461)
(0.73, 0.27)
(0.667, 0.333)
(0.286, 0.714)
(0.658, 0.342)
(0.603, 0.397)
(0.518, 0.482)
(0.445, 0.555)
(0.443, 0.557)
(0.481, 0.519)
(0.473, 0.527)
(0.535, 0.465)
(0.793, 0.207)
(0.608, 0.392)
(0.352, 0.648)
(0.464, 0.536)
(0.637, 0.363)
(0.448, 0.552)
(0.554, 0.446)
(0.673, 0.327)
(0.834, 0.166)
(0.327, 0.673)
(0.498, 0.502)
(0.473, 0.527)
(0.584, 0.416)
(0.392, 0.608)
(0.769, 0.231)
(0.66, 0.34)
(0.587, 0.413)
(0.322, 0.678)
(0.491, 0.509)
(0.492, 0.508)
(0.337, 0.663)
(0.543, 0.457)
(0.472, 0.528)
(0.497, 0.503)
(0.831, 0.169)
(0.835, 0.165)
(0.278, 0.722)
(0.754, 0.246)
(0.28, 0.72)
(0.297, 0.703)
(0.536, 0.464)
(0.688, 0.312)
(0.386, 0.614)
(0.702, 0.298)
(0.641, 0.359)
(0.466, 0.534)
(0.336, 0.664)
(0.408, 0.592)
(0.423, 0.577)
(0.459, 0.541)
(0.41, 0.59)
(0.666, 0.334)
(0.652, 0.348)
(0.429, 0.571)
(0.234, 0.766)
(0.514, 0.486)
(0.635, 0.365)
(0.458, 0.542)
(0.464, 0.536)
(0.711, 0.289)
(0.656, 0.344)
(0.431, 0.569)
(0.57, 0.43)
(0.269, 0.731)
(0.2, 0.8)
(0.336, 0.664)
(0.566, 0.434)
(0.483, 0.517)
(0.572, 0.428)
(0.717, 0.283)
(0.582, 0.418)
(0.684, 0.316)
(0.493, 0.507)
(0.379, 0.621)
(0.419, 0.581)
(0.596, 0.404)
(0.712, 0.288)
(0.676, 0.324)
(0.365, 0.635)
(0.513, 0.487)
(0.468, 0.532)
(0.382, 0.618)
(0.463, 0.537)
(0.363, 0.637)
(0.407, 0.593)
(0.648, 0.352)
(0.67, 0.33)
(0.502, 0.498)
(0.552, 0.448)
(0.424, 0.576)
(0.323, 0.677)
(0.674, 0.326)
(0.692, 0.308)
(0.483, 0.517)
(0.593, 0.407)
(0.408, 0.592)
(0.597, 0.403)
(0.645, 0.355)
(0.689, 0.311)
(0.61, 0.39)
(0.212, 0.788)
(0.388, 0.612)
(0.653, 0.347)
(0.395, 0.605)
(0.639, 0.361)
(0.702, 0.298)
(0.434, 0.566)
(0.397, 0.603)
(0.307, 0.693)
(0.578, 0.422)
(0.661, 0.339)
(0.51, 0.49)
(0.555, 0.445)
(0.62, 0.38)
(0.744, 0.256)
(0.31, 0.69)
(0.315, 0.685)
(0.404, 0.596)
(0.493, 0.507)
(0.46, 0.54)
(0.452, 0.548)
(0.554, 0.446)
(0.387, 0.613)
(0.626, 0.374)
(0.353, 0.647)
(0.278, 0.722)
(0.382, 0.618)
(0.276, 0.724)
(0.57, 0.43)
(0.67, 0.33)
(0.689, 0.311)
(0.631, 0.369)
(0.449, 0.551)
(0.7, 0.3)
(0.258, 0.742)
(0.413, 0.587)
(0.512, 0.488)
(0.348, 0.652)
(0.319, 0.681)
(0.653, 0.347)
(0.712, 0.288)
(0.259, 0.741)
(0.438, 0.562)
(0.198, 0.802)
(0.315, 0.685)
(0.205, 0.795)
(0.665, 0.335)
(0.393, 0.607)
(0.725, 0.275)
(0.409, 0.591)
(0.277, 0.723)
(0.466, 0.534)
(0.385, 0.615)
(0.274, 0.726)
(0.768, 0.232)
(0.745, 0.255)
(0.773, 0.227)
(0.629, 0.371)
(0.558, 0.442)
(0.661, 0.339)
(0.748, 0.252)
(0.646, 0.354)
(0.745, 0.255)
(0.23, 0.77)
(0.338, 0.662)
(0.754, 0.246)
(0.695, 0.305)
(0.478, 0.522)
(0.741, 0.259)
(0.281, 0.719)
(0.405, 0.595)
(0.311, 0.689)
(0.265, 0.735)
(0.421, 0.579)
(0.759, 0.241)
(0.214, 0.786)
(0.188, 0.812)
(0.171, 0.829)
(0.363, 0.637)
(0.623, 0.377)
(0.431, 0.569)
(0.479, 0.521)
(0.821, 0.179)
(0.367, 0.633)
(0.227, 0.773)
(0.248, 0.752)
(0.417, 0.583)
(0.667, 0.333)
(0.684, 0.316)
(0.534, 0.466)
(0.461, 0.539)
(0.473, 0.527)
(0.448, 0.552)
(0.503, 0.497)
(0.406, 0.594)
(0.316, 0.684)
(0.385, 0.615)
(0.403, 0.597)
(0.43, 0.57)
(0.306, 0.694)
(0.545, 0.455)
(0.423, 0.577)
(0.55, 0.45)
(0.59, 0.41)
(0.56, 0.44)
(0.614, 0.386)
(0.546, 0.454)
(0.71, 0.29)
(0.629, 0.371)
(0.716, 0.284)
(0.742, 0.258)
(0.466, 0.534)
(0.288, 0.712)
(0.676, 0.324)
(0.324, 0.676)
(0.415, 0.585)
(0.702, 0.298)
(0.723, 0.277)
(0.236, 0.764)
(0.722, 0.278)
(0.775, 0.225)
(0.784, 0.216)
(0.265, 0.735)
(0.702, 0.298)
(0.616, 0.384)
(0.353, 0.647)
(0.207, 0.793)
(0.403, 0.597)
(0.682, 0.318)
(0.728, 0.272)
(0.58, 0.42)
(0.682, 0.318)
(0.702, 0.298)
(0.556, 0.444)
(0.154, 0.846)
(0.336, 0.664)
(0.646, 0.354)
(0.396, 0.604)
(0.4, 0.6)
(0.288, 0.712)
(0.6, 0.4)
(0.341, 0.659)
(0.464, 0.536)
(0.536, 0.464)
(0.446, 0.554)
(0.482, 0.518)
(0.534, 0.466)
(0.73, 0.27)
(0.435, 0.565)
(0.247, 0.753)
(0.448, 0.552)
(0.551, 0.449)
(0.497, 0.503)
(0.456, 0.544)
(0.496, 0.504)
(0.734, 0.266)
(0.626, 0.374)
(0.317, 0.683)
(0.518, 0.482)
(0.721, 0.279)
(0.221, 0.779)
(0.563, 0.437)
(0.527, 0.473)
(0.5, 0.5)
(0.257, 0.743)
(0.593, 0.407)
(0.222, 0.778)
(0.569, 0.431)
(0.423, 0.577)
(0.382, 0.618)
(0.38, 0.62)
(0.48, 0.52)
(0.745, 0.255)
(0.652, 0.348)
(0.715, 0.285)
(0.449, 0.551)
(0.283, 0.717)
(0.395, 0.605)
(0.344, 0.656)
(0.569, 0.431)
(0.504, 0.496)
(0.576, 0.424)
(0.806, 0.194)
(0.789, 0.211)
(0.633, 0.367)
(0.328, 0.672)
(0.297, 0.703)
(0.712, 0.288)
(0.803, 0.197)
(0.678, 0.322)
(0.358, 0.642)
(0.574, 0.426)
(0.79, 0.21)
(0.122, 0.878)
(0.813, 0.187)
(0.461, 0.539)
(0.224, 0.776)
(0.208, 0.792)
(0.224, 0.776)
(0.535, 0.465)
(0.303, 0.697)
(0.577, 0.423)
(0.255, 0.745)
(0.184, 0.816)
(0.251, 0.749)
(0.465, 0.535)
(0.743, 0.257)
(0.172, 0.828)
(0.14, 0.86)
(0.167, 0.833)
(0.82, 0.18)
(0.468, 0.532)
(0.575, 0.425)
(0.446, 0.554)
(0.444, 0.556)
(0.272, 0.728)
(0.751, 0.249)
(0.357, 0.643)
(0.369, 0.631)
(0.16, 0.84)
(0.567, 0.433)
(0.209, 0.791)
(0.761, 0.239)
(0.54, 0.46)
(0.249, 0.751)
(0.299, 0.701)
(0.825, 0.175)
(0.416, 0.584)
(0.774, 0.226)
(0.648, 0.352)
(0.775, 0.225)
(0.633, 0.367)
(0.368, 0.632)
(0.37, 0.63)
(0.718, 0.282)
(0.202, 0.798)
(0.739, 0.261)
(0.834, 0.166)
(0.76, 0.24)
(0.214, 0.786)
(0.641, 0.359)
(0.441, 0.559)
(0.592, 0.408)
(0.477, 0.523)
(0.514, 0.486)
(0.29, 0.71)
(0.512, 0.488)
(0.342, 0.658)
(0.624, 0.376)
(0.174, 0.826)
(0.25, 0.75)
(0.672, 0.328)
(0.779, 0.221)
(0.567, 0.433)
(0.567, 0.433)
(0.615, 0.385)
(0.337, 0.663)
(0.213, 0.787)
(0.245, 0.755)
(0.253, 0.747)
(0.229, 0.771)
(0.465, 0.535)
(0.587, 0.413)
(0.561, 0.439)
(0.726, 0.274)
(0.351, 0.649)
(0.331, 0.669)
(0.212, 0.788)
(0.272, 0.728)
(0.317, 0.683)
(0.452, 0.548)
(0.442, 0.558)
(0.272, 0.728)
(0.33, 0.67)
(0.49, 0.51)
(0.566, 0.434)
(0.541, 0.459)
(0.405, 0.595)
(0.495, 0.505)
(0.237, 0.763)
(0.477, 0.523)
(0.178, 0.822)
(0.137, 0.863)
(0.361, 0.639)
(0.378, 0.622)
(0.741, 0.259)
(0.466, 0.534)
(0.789, 0.211)
(0.523, 0.477)
(0.385, 0.615)
(0.496, 0.504)
(0.452, 0.548)
(0.53, 0.47)
(0.702, 0.298)
(0.494, 0.506)
(0.465, 0.535)
(0.737, 0.263)
(0.387, 0.613)
(0.28, 0.72)
(0.224, 0.776)
(0.638, 0.362)
(0.773, 0.227)
(0.652, 0.348)
(0.281, 0.719)
(0.257, 0.743)
(0.359, 0.641)
(0.652, 0.348)
(0.389, 0.611)
(0.311, 0.689)
(0.475, 0.525)
(0.709, 0.291)
(0.766, 0.234)
(0.767, 0.233)
(0.539, 0.461)
(0.459, 0.541)
(0.575, 0.425)
(0.477, 0.523)
(0.574, 0.426)
(0.327, 0.673)
(0.269, 0.731)
(0.37, 0.63)
(0.44, 0.56)
(0.519, 0.481)
(0.29, 0.71)
(0.308, 0.692)
(0.456, 0.544)
(0.757, 0.243)
(0.678, 0.322)
(0.43, 0.57)
(0.574, 0.426)
(0.344, 0.656)
(0.19, 0.81)
(0.208, 0.792)
(0.398, 0.602)
(0.606, 0.394)
(0.509, 0.491)
(0.598, 0.402)
(0.521, 0.479)
(0.378, 0.622)
(0.265, 0.735)
(0.427, 0.573)
(0.375, 0.625)
(0.59, 0.41)
(0.625, 0.375)
(0.497, 0.503)
(0.425, 0.575)
(0.545, 0.455)
(0.414, 0.586)
(0.622, 0.378)
(0.447, 0.553)
(0.577, 0.423)
(0.736, 0.264)
(0.701, 0.299)
(0.376, 0.624)
(0.53, 0.47)
(0.577, 0.423)
(0.443, 0.557)
(0.471, 0.529)
(0.554, 0.446)
(0.481, 0.519)
(0.494, 0.506)
(0.616, 0.384)
(0.591, 0.409)
(0.525, 0.475)
(0.615, 0.385)
(0.61, 0.39)
(0.489, 0.511)
(0.462, 0.538)
(0.577, 0.423)
(0.421, 0.579)
(0.39, 0.61)
(0.515, 0.485)
(0.5, 0.5)
(0.346, 0.654)
(0.388, 0.612)
(0.569, 0.431)
(0.681, 0.319)
(0.385, 0.615)
(0.593, 0.407)
(0.352, 0.648)
(0.346, 0.654)
(0.412, 0.588)
(0.519, 0.481)
(0.515, 0.485)
(0.629, 0.371)
(0.643, 0.357)
(0.527, 0.473)
(0.451, 0.549)
(0.366, 0.634)
(0.369, 0.631)
(0.4, 0.6)
(0.477, 0.523)
(0.591, 0.409)
(0.529, 0.471)
(0.548, 0.452)
(0.373, 0.627)
(0.522, 0.478)
(0.526, 0.474)
(0.457, 0.543)
(0.473, 0.527)
(0.5, 0.5)
(0.524, 0.476)
(0.491, 0.509)
(0.576, 0.424)
(0.546, 0.454)
(0.578, 0.422)
(0.563, 0.437)
(0.542, 0.458)
(0.46, 0.54)
(0.59, 0.41)
(0.582, 0.418)
(0.511, 0.489)
(0.523, 0.477)
(0.537, 0.463)
(0.526, 0.474)
(0.516, 0.484)
(0.579, 0.421)
(0.6, 0.4)
(0.552, 0.448)
(0.568, 0.432)
(0.492, 0.508)
(0.372, 0.628)
(0.512, 0.488)
(0.311, 0.689)
(0.57, 0.43)
(0.572, 0.428)
(0.381, 0.619)
(0.52, 0.48)
(0.574, 0.426)
(0.473, 0.527)
(0.469, 0.531)
(0.502, 0.498)
(0.602, 0.398)
(0.38, 0.62)
(0.532, 0.468)
(0.628, 0.372)
(0.518, 0.482)
(0.565, 0.435)
(0.565, 0.435)
(0.683, 0.317)
(0.613, 0.387)
(0.557, 0.443)
(0.475, 0.525)
(0.645, 0.355)
(0.492, 0.508)
(0.349, 0.651)
(0.417, 0.583)
(0.502, 0.498)
(0.305, 0.695)
(0.691, 0.309)
(0.344, 0.656)
(0.517, 0.483)
(0.363, 0.637)
(0.39, 0.61)
(0.385, 0.615)
(0.301, 0.699)
(0.398, 0.602)
(0.547, 0.453)
(0.506, 0.494)
(0.396, 0.604)
(0.566, 0.434)
(0.53, 0.47)
(0.443, 0.557)
(0.518, 0.482)
(0.454, 0.546)
(0.439, 0.561)
(0.341, 0.659)
(0.525, 0.475)
(0.478, 0.522)
(0.445, 0.555)
(0.581, 0.419)
(0.369, 0.631)
(0.318, 0.682)
(0.162, 0.838)
(0.21, 0.79)
(0.571, 0.429)
(0.685, 0.315)
(0.54, 0.46)
(0.529, 0.471)
(0.649, 0.351)
(0.439, 0.561)
(0.374, 0.626)
(0.505, 0.495)
(0.356, 0.644)
(0.218, 0.782)
(0.68, 0.32)
(0.657, 0.343)
(0.542, 0.458)
(0.712, 0.288)
(0.472, 0.528)
(0.272, 0.728)
(0.594, 0.406)
(0.726, 0.274)
(0.458, 0.542)
(0.568, 0.432)
(0.67, 0.33)
(0.394, 0.606)
(0.463, 0.537)
(0.557, 0.443)
(0.553, 0.447)
(0.562, 0.438)
(0.703, 0.297)
(0.711, 0.289)
(0.677, 0.323)
(0.614, 0.386)
(0.594, 0.406)
(0.411, 0.589)
(0.38, 0.62)
(0.411, 0.589)
(0.495, 0.505)
(0.504, 0.496)
(0.511, 0.489)
(0.575, 0.425)
(0.543, 0.457)
(0.617, 0.383)
(0.301, 0.699)
(0.333, 0.667)
(0.565, 0.435)
(0.591, 0.409)
(0.564, 0.436)
(0.624, 0.376)
(0.49, 0.51)
(0.301, 0.699)
(0.461, 0.539)
(0.27, 0.73)
(0.271, 0.729)
(0.417, 0.583)
(0.411, 0.589)
(0.507, 0.493)
(0.685, 0.315)
(0.627, 0.373)
(0.341, 0.659)
(0.272, 0.728)
(0.364, 0.636)
(0.393, 0.607)
(0.288, 0.712)
(0.423, 0.577)
(0.48, 0.52)
(0.604, 0.396)
(0.639, 0.361)
(0.538, 0.462)
(0.441, 0.559)
(0.557, 0.443)
(0.574, 0.426)
(0.561, 0.439)
(0.521, 0.479)
(0.423, 0.577)
(0.375, 0.625)
(0.537, 0.463)
(0.638, 0.362)
(0.541, 0.459)
(0.62, 0.38)
(0.505, 0.495)
(0.606, 0.394)
(0.535, 0.465)
(0.504, 0.496)
(0.682, 0.318)
(0.66, 0.34)
(0.469, 0.531)
(0.491, 0.509)
(0.448, 0.552)
(0.485, 0.515)
(0.527, 0.473)
(0.46, 0.54)
(0.519, 0.481)
(0.472, 0.528)
(0.535, 0.465)
(0.548, 0.452)
(0.388, 0.612)
(0.32, 0.68)
(0.582, 0.418)
(0.624, 0.376)
(0.449, 0.551)
(0.507, 0.493)
(0.449, 0.551)
(0.424, 0.576)
(0.418, 0.582)
(0.549, 0.451)
(0.425, 0.575)
(0.513, 0.487)
(0.482, 0.518)
(0.505, 0.495)
(0.438, 0.562)
(0.443, 0.557)
(0.405, 0.595)
(0.357, 0.643)
(0.36, 0.64)
(0.578, 0.422)
(0.581, 0.419)
(0.398, 0.602)
(0.721, 0.279)
(0.556, 0.444)
(0.758, 0.242)
(0.609, 0.391)
(0.278, 0.722)
(0.4, 0.6)
(0.422, 0.578)
(0.607, 0.393)
(0.59, 0.41)
(0.394, 0.606)
(0.661, 0.339)
(0.358, 0.642)
(0.24, 0.76)
(0.467, 0.533)
(0.342, 0.658)
(0.462, 0.538)
(0.321, 0.679)
(0.642, 0.358)
(0.651, 0.349)
(0.595, 0.405)
(0.621, 0.379)
(0.323, 0.677)
(0.398, 0.602)
(0.585, 0.415)
(0.79, 0.21)
(0.633, 0.367)
(0.719, 0.281)
(0.144, 0.856)
(0.18, 0.82)
(0.475, 0.525)
(0.277, 0.723)
(0.516, 0.484)
(0.156, 0.844)
(0.543, 0.457)
(0.623, 0.377)
(0.343, 0.657)
(0.167, 0.833)
(0.215, 0.785)
(0.18, 0.82)
(0.453, 0.547)
(0.721, 0.279)
(0.691, 0.309)
(0.562, 0.438)
(0.608, 0.392)
(0.575, 0.425)
(0.44, 0.56)
(0.303, 0.697)
(0.396, 0.604)
(0.626, 0.374)
(0.699, 0.301)
(0.691, 0.309)
(0.507, 0.493)
(0.467, 0.533)
(0.282, 0.718)
(0.339, 0.661)
(0.226, 0.774)
(0.567, 0.433)
(0.674, 0.326)
(0.782, 0.218)
(0.573, 0.427)
(0.314, 0.686)
(0.325, 0.675)
(0.266, 0.734)
(0.454, 0.546)
(0.334, 0.666)
(0.761, 0.239)
(0.444, 0.556)
(0.453, 0.547)
(0.549, 0.451)
(0.181, 0.819)
(0.277, 0.723)
(0.726, 0.274)
(0.559, 0.441)
(0.561, 0.439)
(0.763, 0.237)
(0.665, 0.335)
(0.563, 0.437)
(0.38, 0.62)
(0.33, 0.67)
(0.364, 0.636)
(0.708, 0.292)
(0.674, 0.326)
(0.599, 0.401)
(0.728, 0.272)
(0.635, 0.365)
(0.389, 0.611)
(0.27, 0.73)
(0.357, 0.643)
(0.257, 0.743)
(0.366, 0.634)
(0.43, 0.57)
(0.596, 0.404)
(0.392, 0.608)
(0.739, 0.261)
(0.613, 0.387)
(0.262, 0.738)
(0.501, 0.499)
(0.478, 0.522)
(0.679, 0.321)
(0.679, 0.321)
(0.703, 0.297)
(0.366, 0.634)
(0.447, 0.553)
(0.426, 0.574)
(0.263, 0.737)
(0.644, 0.356)
(0.306, 0.694)
(0.556, 0.444)
(0.284, 0.716)
(0.366, 0.634)
(0.678, 0.322)
(0.309, 0.691)
(0.282, 0.718)
(0.366, 0.634)
(0.258, 0.742)
(0.619, 0.381)
(0.635, 0.365)
(0.533, 0.467)
(0.535, 0.465)
(0.496, 0.504)
(0.167, 0.833)
(0.479, 0.521)
(0.55, 0.45)
(0.467, 0.533)
(0.574, 0.426)
(0.584, 0.416)
(0.654, 0.346)
(0.631, 0.369)
(0.338, 0.662)
(0.345, 0.655)
(0.165, 0.835)
(0.2, 0.8)
(0.735, 0.265)
(0.262, 0.738)
(0.273, 0.727)
(0.704, 0.296)
(0.74, 0.26)
(0.64, 0.36)
(0.503, 0.497)
(0.524, 0.476)
(0.187, 0.813)
(0.341, 0.659)
(0.41, 0.59)
(0.545, 0.455)
(0.807, 0.193)
(0.724, 0.276)
(0.658, 0.342)
(0.476, 0.524)
(0.38, 0.62)
(0.602, 0.398)
(0.787, 0.213)
(0.819, 0.181)
(0.782, 0.218)
(0.683, 0.317)
(0.187, 0.813)
(0.22, 0.78)
(0.423, 0.577)
(0.6, 0.4)
(0.388, 0.612)
(0.633, 0.367)
(0.688, 0.312)
(0.452, 0.548)
(0.349, 0.651)
(0.349, 0.651)
(0.377, 0.623)
(0.23, 0.77)
(0.181, 0.819)
(0.683, 0.317)
(0.675, 0.325)
(0.45, 0.55)
(0.319, 0.681)
(0.5, 0.5)
(0.489, 0.511)
(0.362, 0.638)
(0.595, 0.405)
(0.422, 0.578)
(0.206, 0.794)
(0.489, 0.511)
(0.361, 0.639)
(0.515, 0.485)
(0.256, 0.744)
(0.258, 0.742)
(0.141, 0.859)
(0.622, 0.378)
(0.444, 0.556)
(0.49, 0.51)
(0.712, 0.288)
(0.289, 0.711)
(0.623, 0.377)
(0.231, 0.769)
(0.193, 0.807)
(0.365, 0.635)
(0.485, 0.515)
(0.793, 0.207)
(0.554, 0.446)
(0.674, 0.326)
(0.381, 0.619)
(0.143, 0.857)
(0.305, 0.695)
(0.698, 0.302)
(0.616, 0.384)
(0.734, 0.266)
(0.815, 0.185)
(0.728, 0.272)
(0.321, 0.679)
(0.567, 0.433)
(0.789, 0.211)
(0.506, 0.494)
(0.529, 0.471)
(0.68, 0.32)
(0.789, 0.211)
(0.26, 0.74)
(0.637, 0.363)
(0.796, 0.204)
(0.222, 0.778)
(0.259, 0.741)
(0.722, 0.278)
(0.352, 0.648)
(0.337, 0.663)
(0.468, 0.532)
(0.337, 0.663)
(0.514, 0.486)
(0.6, 0.4)
(0.263, 0.737)
(0.25, 0.75)
(0.659, 0.341)
(0.675, 0.325)
(0.452, 0.548)
(0.317, 0.683)
(0.375, 0.625)
(0.619, 0.381)
(0.521, 0.479)
(0.271, 0.729)
(0.227, 0.773)
(0.526, 0.474)
(0.584, 0.416)
(0.509, 0.491)
(0.602, 0.398)
(0.299, 0.701)
(0.353, 0.647)
(0.526, 0.474)
(0.676, 0.324)
(0.309, 0.691)
(0.229, 0.771)
(0.785, 0.215)
(0.364, 0.636)
(0.351, 0.649)
(0.69, 0.31)
(0.379, 0.621)
(0.382, 0.618)
(0.164, 0.836)
(0.665, 0.335)
(0.567, 0.433)
(0.584, 0.416)
(0.722, 0.278)
(0.695, 0.305)
(0.574, 0.426)
(0.713, 0.287)
(0.592, 0.408)
(0.455, 0.545)
(0.476, 0.524)
(0.454, 0.546)
(0.707, 0.293)
(0.686, 0.314)
(0.785, 0.215)
(0.727, 0.273)
(0.378, 0.622)
(0.571, 0.429)
(0.423, 0.577)
(0.351, 0.649)
(0.423, 0.577)
(0.557, 0.443)
(0.278, 0.722)
(0.341, 0.659)
(0.479, 0.521)
(0.496, 0.504)
(0.406, 0.594)
(0.55, 0.45)
(0.493, 0.507)
(0.325, 0.675)
(0.316, 0.684)
(0.608, 0.392)
(0.617, 0.383)
(0.378, 0.622)
(0.176, 0.824)
(0.352, 0.648)
(0.568, 0.432)
(0.546, 0.454)
(0.544, 0.456)
(0.407, 0.593)
(0.585, 0.415)
(0.582, 0.418)
(0.443, 0.557)
(0.268, 0.732)
(0.233, 0.767)
(0.339, 0.661)
(0.495, 0.505)
(0.684, 0.316)
(0.573, 0.427)
(0.662, 0.338)
(0.54, 0.46)
(0.359, 0.641)
(0.353, 0.647)
(0.347, 0.653)
(0.489, 0.511)
(0.425, 0.575)
(0.523, 0.477)
(0.271, 0.729)
(0.636, 0.364)
(0.553, 0.447)
(0.524, 0.476)
(0.503, 0.497)
(0.638, 0.362)
(0.586, 0.414)
(0.491, 0.509)
(0.463, 0.537)
(0.567, 0.433)
(0.63, 0.37)
(0.503, 0.497)
(0.653, 0.347)
(0.759, 0.241)
(0.698, 0.302)
(0.654, 0.346)
(0.619, 0.381)
(0.711, 0.289)
(0.476, 0.524)
(0.626, 0.374)
(0.498, 0.502)
(0.435, 0.565)
(0.494, 0.506)
(0.769, 0.231)
(0.441, 0.559)
(0.487, 0.513)
(0.675, 0.325)
(0.508, 0.492)
(0.488, 0.512)
(0.564, 0.436)
(0.424, 0.576)
(0.541, 0.459)
(0.524, 0.476)
(0.587, 0.413)
(0.682, 0.318)
(0.49, 0.51)
(0.438, 0.562)
(0.402, 0.598)
(0.645, 0.355)
(0.721, 0.279)
(0.431, 0.569)
(0.47, 0.53)
(0.715, 0.285)
(0.596, 0.404)
(0.313, 0.687)
(0.36, 0.64)
(0.438, 0.562)
(0.511, 0.489)
(0.404, 0.596)
(0.438, 0.562)
(0.435, 0.565)
(0.741, 0.259)
(0.327, 0.673)
(0.399, 0.601)
(0.259, 0.741)
(0.573, 0.427)
(0.519, 0.481)
(0.426, 0.574)
(0.451, 0.549)
(0.365, 0.635)
(0.424, 0.576)
(0.366, 0.634)
(0.515, 0.485)
(0.421, 0.579)
(0.547, 0.453)
(0.704, 0.296)
(0.594, 0.406)
(0.47, 0.53)
(0.473, 0.527)
(0.453, 0.547)
(0.393, 0.607)
(0.458, 0.542)
(0.465, 0.535)
(0.615, 0.385)
(0.613, 0.387)
(0.634, 0.366)
(0.6, 0.4)
(0.617, 0.383)
(0.473, 0.527)
(0.444, 0.556)
(0.316, 0.684)
(0.565, 0.435)
(0.524, 0.476)
(0.518, 0.482)
(0.539, 0.461)
(0.529, 0.471)
(0.521, 0.479)
(0.532, 0.468)
(0.572, 0.428)
(0.466, 0.534)
(0.533, 0.467)
(0.427, 0.573)
(0.634, 0.366)
(0.61, 0.39)
(0.466, 0.534)
(0.453, 0.547)
(0.495, 0.505)
(0.599, 0.401)
(0.532, 0.468)
(0.615, 0.385)
(0.628, 0.372)
(0.495, 0.505)
(0.496, 0.504)
(0.455, 0.545)
(0.565, 0.435)
(0.432, 0.568)
(0.438, 0.562)
(0.504, 0.496)
(0.492, 0.508)
(0.617, 0.383)
(0.595, 0.405)
(0.326, 0.674)
(0.514, 0.486)
(0.453, 0.547)
(0.543, 0.457)
(0.452, 0.548)
(0.466, 0.534)
(0.477, 0.523)
(0.486, 0.514)
(0.517, 0.483)
(0.496, 0.504)
(0.486, 0.514)
(0.492, 0.508)
(0.365, 0.635)
(0.416, 0.584)
(0.425, 0.575)
(0.411, 0.589)
(0.215, 0.785)
(0.543, 0.457)
(0.632, 0.368)
(0.508, 0.492)
(0.438, 0.562)
(0.319, 0.681)
(0.503, 0.497)
(0.462, 0.538)
(0.413, 0.587)
(0.601, 0.399)
(0.525, 0.475)
(0.565, 0.435)
(0.583, 0.417)
(0.506, 0.494)
(0.225, 0.775)
(0.503, 0.497)
(0.444, 0.556)
(0.459, 0.541)
(0.46, 0.54)
(0.488, 0.512)
(0.406, 0.594)
(0.397, 0.603)
(0.369, 0.631)
(0.436, 0.564)
(0.617, 0.383)
(0.425, 0.575)
(0.599, 0.401)
(0.452, 0.548)
(0.525, 0.475)
(0.385, 0.615)
(0.7, 0.3)
(0.477, 0.523)
(0.249, 0.751)
(0.722, 0.278)
(0.607, 0.393)
(0.284, 0.716)
(0.523, 0.477)
(0.598, 0.402)
(0.548, 0.452)
(0.267, 0.733)
(0.464, 0.536)
(0.391, 0.609)
(0.631, 0.369)
(0.57, 0.43)
(0.651, 0.349)
(0.518, 0.482)
(0.437, 0.563)
(0.64, 0.36)
(0.323, 0.677)
(0.478, 0.522)
(0.594, 0.406)
(0.635, 0.365)
(0.554, 0.446)
(0.662, 0.338)
(0.465, 0.535)
(0.503, 0.497)
(0.357, 0.643)
(0.552, 0.448)
(0.456, 0.544)
(0.487, 0.513)
(0.434, 0.566)
(0.578, 0.422)
(0.463, 0.537)
(0.247, 0.753)
(0.568, 0.432)
(0.423, 0.577)
(0.333, 0.667)
(0.449, 0.551)
(0.458, 0.542)
(0.499, 0.501)
(0.511, 0.489)
(0.38, 0.62)
(0.351, 0.649)
(0.364, 0.636)
(0.526, 0.474)
(0.627, 0.373)
(0.518, 0.482)
(0.448, 0.552)
(0.329, 0.671)
(0.599, 0.401)
(0.412, 0.588)
(0.414, 0.586)
(0.438, 0.562)
(0.506, 0.494)
(0.538, 0.462)
(0.585, 0.415)
(0.456, 0.544)
(0.347, 0.653)
(0.43, 0.57)
(0.514, 0.486)
(0.456, 0.544)
(0.431, 0.569)
(0.505, 0.495)
(0.485, 0.515)
(0.467, 0.533)
(0.519, 0.481)
(0.612, 0.388)
(0.498, 0.502)
(0.533, 0.467)
(0.454, 0.546)
(0.534, 0.466)
(0.177, 0.823)
(0.396, 0.604)
(0.708, 0.292)
(0.402, 0.598)
(0.531, 0.469)
(0.375, 0.625)
(0.404, 0.596)
(0.517, 0.483)
(0.671, 0.329)
(0.349, 0.651)
(0.456, 0.544)
(0.45, 0.55)
(0.478, 0.522)
(0.344, 0.656)
(0.402, 0.598)
(0.644, 0.356)
(0.593, 0.407)
(0.368, 0.632)
(0.308, 0.692)
(0.38, 0.62)
(0.609, 0.391)
(0.547, 0.453)
(0.633, 0.367)
(0.592, 0.408)
(0.492, 0.508)
(0.565, 0.435)
(0.282, 0.718)
(0.33, 0.67)
(0.314, 0.686)
(0.455, 0.545)
(0.525, 0.475)
(0.35, 0.65)
(0.771, 0.229)
(0.679, 0.321)
(0.236, 0.764)
(0.396, 0.604)
(0.344, 0.656)
(0.537, 0.463)
(0.585, 0.415)
(0.432, 0.568)
(0.409, 0.591)
(0.29, 0.71)
(0.679, 0.321)
(0.522, 0.478)
(0.267, 0.733)
(0.755, 0.245)
(0.746, 0.254)
(0.601, 0.399)
(0.702, 0.298)
(0.375, 0.625)
(0.418, 0.582)
(0.48, 0.52)
(0.322, 0.678)
(0.67, 0.33)
(0.322, 0.678)
(0.319, 0.681)
(0.59, 0.41)
(0.733, 0.267)
(0.468, 0.532)
(0.238, 0.762)
(0.25, 0.75)
(0.182, 0.818)
(0.472, 0.528)
(0.395, 0.605)
(0.695, 0.305)
(0.711, 0.289)
(0.58, 0.42)
(0.254, 0.746)
(0.184, 0.816)
(0.73, 0.27)
(0.44, 0.56)
(0.808, 0.192)
(0.614, 0.386)
(0.713, 0.287)
(0.765, 0.235)
(0.596, 0.404)
(0.677, 0.323)
(0.2, 0.8)
(0.698, 0.302)
(0.741, 0.259)
(0.741, 0.259)
(0.449, 0.551)
(0.326, 0.674)
(0.53, 0.47)
(0.614, 0.386)
(0.333, 0.667)
(0.37, 0.63)
(0.498, 0.502)
(0.754, 0.246)
(0.54, 0.46)
(0.658, 0.342)
(0.774, 0.226)
(0.238, 0.762)
(0.217, 0.783)
(0.287, 0.713)
(0.418, 0.582)
(0.726, 0.274)
(0.657, 0.343)
(0.482, 0.518)
(0.788, 0.212)
(0.62, 0.38)
(0.199, 0.801)
(0.359, 0.641)
(0.411, 0.589)
(0.644, 0.356)
(0.58, 0.42)
(0.651, 0.349)
(0.835, 0.165)
(0.388, 0.612)
(0.251, 0.749)
(0.333, 0.667)
(0.684, 0.316)
(0.393, 0.607)
(0.436, 0.564)
(0.64, 0.36)
(0.599, 0.401)
(0.393, 0.607)
(0.307, 0.693)
(0.174, 0.826)
(0.234, 0.766)
(0.554, 0.446)
(0.49, 0.51)
(0.232, 0.768)
(0.737, 0.263)
(0.647, 0.353)
(0.569, 0.431)
(0.209, 0.791)
(0.474, 0.526)
(0.699, 0.301)
(0.799, 0.201)
(0.734, 0.266)
(0.371, 0.629)
(0.76, 0.24)
(0.73, 0.27)
(0.482, 0.518)
(0.207, 0.793)
(0.271, 0.729)
(0.254, 0.746)
(0.593, 0.407)
(0.466, 0.534)
(0.332, 0.668)
(0.65, 0.35)
(0.576, 0.424)
(0.25, 0.75)
(0.463, 0.537)
(0.195, 0.805)
(0.22, 0.78)
(0.645, 0.355)
(0.734, 0.266)
(0.822, 0.178)
(0.333, 0.667)
(0.416, 0.584)
(0.365, 0.635)
(0.583, 0.417)
(0.279, 0.721)
(0.587, 0.413)
(0.473, 0.527)
(0.445, 0.555)
(0.631, 0.369)
(0.611, 0.389)
(0.28, 0.72)
(0.368, 0.632)
(0.476, 0.524)
(0.321, 0.679)
(0.409, 0.591)
(0.366, 0.634)
(0.448, 0.552)
(0.691, 0.309)
(0.618, 0.382)
(0.587, 0.413)
(0.628, 0.372)
(0.219, 0.781)
(0.538, 0.462)
(0.315, 0.685)
(0.72, 0.28)
(0.7, 0.3)
(0.546, 0.454)
(0.422, 0.578)
(0.534, 0.466)
(0.331, 0.669)
(0.185, 0.815)
(0.627, 0.373)
(0.79, 0.21)
(0.74, 0.26)
(0.579, 0.421)
(0.595, 0.405)
(0.494, 0.506)
(0.237, 0.763)
(0.682, 0.318)
(0.474, 0.526)
(0.718, 0.282)
(0.422, 0.578)
(0.407, 0.593)
(0.559, 0.441)
(0.727, 0.273)
(0.632, 0.368)
(0.387, 0.613)
(0.544, 0.456)
(0.522, 0.478)
(0.772, 0.228)
(0.827, 0.173)
(0.718, 0.282)
(0.228, 0.772)
(0.523, 0.477)
(0.506, 0.494)
(0.542, 0.458)
(0.256, 0.744)
(0.635, 0.365)
(0.755, 0.245)
(0.565, 0.435)
(0.696, 0.304)
(0.309, 0.691)
(0.355, 0.645)
(0.259, 0.741)
(0.242, 0.758)
(0.557, 0.443)
(0.694, 0.306)
(0.582, 0.418)
(0.578, 0.422)
(0.484, 0.516)
(0.449, 0.551)
(0.447, 0.553)
(0.798, 0.202)
(0.406, 0.594)
(0.392, 0.608)
(0.452, 0.548)
(0.746, 0.254)
(0.324, 0.676)
(0.536, 0.464)
(0.477, 0.523)
(0.269, 0.731)
(0.199, 0.801)
(0.729, 0.271)
(0.651, 0.349)
(0.461, 0.539)
(0.642, 0.358)
(0.252, 0.748)
(0.395, 0.605)
(0.603, 0.397)
(0.394, 0.606)
(0.373, 0.627)
(0.391, 0.609)
(0.319, 0.681)
(0.192, 0.808)
(0.579, 0.421)
(0.755, 0.245)
(0.389, 0.611)
(0.689, 0.311)
(0.534, 0.466)
(0.779, 0.221)
(0.387, 0.613)
(0.539, 0.461)
(0.696, 0.304)
(0.352, 0.648)
(0.765, 0.235)
(0.177, 0.823)
(0.374, 0.626)
(0.541, 0.459)
(0.815, 0.185)
(0.585, 0.415)
(0.206, 0.794)
(0.45, 0.55)
(0.66, 0.34)
(0.489, 0.511)
(0.142, 0.858)
(0.144, 0.856)
(0.207, 0.793)
(0.34, 0.66)
(0.825, 0.175)
(0.421, 0.579)
(0.499, 0.501)
(0.734, 0.266)
(0.557, 0.443)
(0.513, 0.487)
(0.734, 0.266)
(0.299, 0.701)
(0.499, 0.501)
(0.752, 0.248)
(0.555, 0.445)
(0.628, 0.372)
(0.727, 0.273)
(0.289, 0.711)
(0.387, 0.613)
(0.771, 0.229)
(0.414, 0.586)
(0.684, 0.316)
(0.795, 0.205)
(0.763, 0.237)
(0.343, 0.657)
(0.371, 0.629)
(0.329, 0.671)
(0.333, 0.667)
(0.449, 0.551)
(0.687, 0.313)
(0.714, 0.286)
(0.64, 0.36)
(0.543, 0.457)
(0.772, 0.228)
(0.385, 0.615)
(0.297, 0.703)
(0.578, 0.422)
(0.233, 0.767)
(0.312, 0.688)
(0.654, 0.346)
(0.598, 0.402)
(0.399, 0.601)
(0.254, 0.746)
(0.492, 0.508)
(0.732, 0.268)
(0.447, 0.553)
(0.527, 0.473)
(0.679, 0.321)
(0.649, 0.351)
(0.321, 0.679)
(0.586, 0.414)
(0.475, 0.525)
(0.305, 0.695)
(0.438, 0.562)
(0.329, 0.671)
(0.7, 0.3)
(0.604, 0.396)
(0.575, 0.425)
(0.445, 0.555)
(0.281, 0.719)
(0.254, 0.746)
(0.521, 0.479)
(0.575, 0.425)
(0.6, 0.4)
(0.412, 0.588)
(0.596, 0.404)
(0.613, 0.387)
(0.668, 0.332)
(0.768, 0.232)
(0.481, 0.519)
(0.34, 0.66)
(0.619, 0.381)
(0.592, 0.408)
(0.661, 0.339)
(0.681, 0.319)
(0.597, 0.403)
(0.431, 0.569)
(0.696, 0.304)
(0.462, 0.538)
(0.629, 0.371)
(0.384, 0.616)
(0.675, 0.325)
(0.57, 0.43)
(0.399, 0.601)
(0.43, 0.57)
(0.599, 0.401)
(0.591, 0.409)
(0.513, 0.487)
(0.372, 0.628)
(0.579, 0.421)
(0.474, 0.526)
(0.473, 0.527)
(0.638, 0.362)
(0.772, 0.228)
(0.276, 0.724)
(0.238, 0.762)
(0.303, 0.697)
(0.405, 0.595)
(0.315, 0.685)
(0.405, 0.595)
(0.359, 0.641)
(0.562, 0.438)
(0.485, 0.515)
(0.436, 0.564)
(0.566, 0.434)
(0.558, 0.442)
(0.392, 0.608)
(0.601, 0.399)
(0.541, 0.459)
(0.316, 0.684)
(0.483, 0.517)
(0.572, 0.428)
(0.556, 0.444)
(0.734, 0.266)
(0.557, 0.443)
(0.681, 0.319)
(0.581, 0.419)
(0.522, 0.478)
(0.426, 0.574)
(0.54, 0.46)
(0.513, 0.487)
(0.436, 0.564)
(0.446, 0.554)
(0.586, 0.414)
(0.475, 0.525)
(0.501, 0.499)
(0.498, 0.502)
(0.615, 0.385)
(0.506, 0.494)
(0.439, 0.561)
(0.535, 0.465)
(0.579, 0.421)
(0.527, 0.473)
(0.443, 0.557)
(0.39, 0.61)
(0.5, 0.5)
(0.454, 0.546)
(0.378, 0.622)
(0.444, 0.556)
(0.53, 0.47)
(0.591, 0.409)
(0.558, 0.442)
(0.534, 0.466)
(0.479, 0.521)
(0.479, 0.521)
(0.437, 0.563)
(0.521, 0.479)
(0.519, 0.481)
(0.458, 0.542)
(0.608, 0.392)
(0.536, 0.464)
(0.495, 0.505)
(0.502, 0.498)
(0.315, 0.685)
(0.438, 0.562)
(0.686, 0.314)
(0.509, 0.491)
(0.311, 0.689)
(0.512, 0.488)
(0.41, 0.59)
(0.43, 0.57)
(0.501, 0.499)
(0.595, 0.405)
(0.53, 0.47)
(0.522, 0.478)
(0.621, 0.379)
(0.531, 0.469)
(0.399, 0.601)
(0.405, 0.595)
(0.5, 0.5)
(0.474, 0.526)
(0.554, 0.446)
(0.522, 0.478)
(0.507, 0.493)
(0.634, 0.366)
(0.58, 0.42)
(0.493, 0.507)
(0.457, 0.543)
(0.325, 0.675)
(0.395, 0.605)
(0.449, 0.551)
(0.546, 0.454)
(0.529, 0.471)
(0.522, 0.478)
(0.55, 0.45)
(0.56, 0.44)
(0.609, 0.391)
(0.518, 0.482)
(0.399, 0.601)
(0.566, 0.434)
(0.45, 0.55)
(0.383, 0.617)
(0.258, 0.742)
(0.486, 0.514)
(0.444, 0.556)
(0.516, 0.484)
(0.596, 0.404)
(0.661, 0.339)
(0.288, 0.712)
(0.393, 0.607)
(0.432, 0.568)
(0.474, 0.526)
(0.425, 0.575)
(0.515, 0.485)
(0.547, 0.453)
(0.362, 0.638)
(0.489, 0.511)
(0.521, 0.479)
(0.455, 0.545)
(0.505, 0.495)
(0.713, 0.287)
(0.619, 0.381)
(0.563, 0.437)
(0.64, 0.36)
(0.57, 0.43)
(0.539, 0.461)
(0.502, 0.498)
(0.621, 0.379)
(0.419, 0.581)
(0.447, 0.553)
(0.561, 0.439)
(0.55, 0.45)
(0.535, 0.465)
(0.512, 0.488)
(0.634, 0.366)
(0.552, 0.448)
(0.6, 0.4)
(0.564, 0.436)
(0.502, 0.498)
(0.533, 0.467)
(0.543, 0.457)
(0.428, 0.572)
(0.54, 0.46)
(0.453, 0.547)
(0.383, 0.617)
(0.751, 0.249)
(0.63, 0.37)
(0.548, 0.452)
(0.566, 0.434)
(0.377, 0.623)
(0.382, 0.618)
(0.367, 0.633)
(0.319, 0.681)
(0.387, 0.613)
(0.641, 0.359)
(0.566, 0.434)
(0.296, 0.704)
(0.271, 0.729)
(0.683, 0.317)
(0.618, 0.382)
(0.305, 0.695)
(0.457, 0.543)
(0.599, 0.401)
(0.555, 0.445)
(0.564, 0.436)
(0.437, 0.563)
(0.362, 0.638)
(0.432, 0.568)
(0.403, 0.597)
(0.38, 0.62)
(0.65, 0.35)
(0.64, 0.36)
(0.516, 0.484)
(0.568, 0.432)
(0.559, 0.441)
(0.467, 0.533)
(0.416, 0.584)
(0.398, 0.602)
(0.453, 0.547)
(0.636, 0.364)
(0.558, 0.442)
(0.474, 0.526)
(0.401, 0.599)
(0.538, 0.462)
(0.413, 0.587)
(0.451, 0.549)
(0.55, 0.45)
(0.445, 0.555)
(0.426, 0.574)
(0.536, 0.464)
(0.456, 0.544)
(0.32, 0.68)
(0.333, 0.667)
(0.54, 0.46)
(0.593, 0.407)
(0.628, 0.372)
(0.607, 0.393)
(0.559, 0.441)
(0.501, 0.499)
(0.514, 0.486)
(0.664, 0.336)
(0.497, 0.503)
(0.501, 0.499)
(0.518, 0.482)
(0.428, 0.572)
(0.532, 0.468)
(0.485, 0.515)
(0.385, 0.615)
(0.564, 0.436)
(0.447, 0.553)
(0.469, 0.531)
(0.562, 0.438)
(0.518, 0.482)
(0.426, 0.574)
(0.477, 0.523)
(0.516, 0.484)
(0.443, 0.557)
(0.519, 0.481)
(0.506, 0.494)
(0.456, 0.544)
(0.569, 0.431)
(0.68, 0.32)
(0.603, 0.397)
(0.54, 0.46)
(0.589, 0.411)
(0.563, 0.437)
(0.603, 0.397)
(0.552, 0.448)
(0.537, 0.463)
(0.504, 0.496)
(0.373, 0.627)
(0.436, 0.564)
(0.494, 0.506)
(0.555, 0.445)
(0.542, 0.458)
(0.594, 0.406)
(0.504, 0.496)
(0.508, 0.492)
(0.524, 0.476)
(0.369, 0.631)
(0.443, 0.557)
(0.336, 0.664)
(0.396, 0.604)
(0.446, 0.554)
(0.507, 0.493)
(0.609, 0.391)
(0.485, 0.515)
(0.415, 0.585)
(0.426, 0.574)
(0.575, 0.425)
(0.448, 0.552)
(0.411, 0.589)
(0.424, 0.576)
(0.531, 0.469)
(0.457, 0.543)
(0.601, 0.399)
(0.471, 0.529)
(0.473, 0.527)
(0.398, 0.602)
(0.617, 0.383)
(0.401, 0.599)
(0.548, 0.452)
(0.621, 0.379)
(0.692, 0.308)
(0.526, 0.474)
(0.31, 0.69)
(0.636, 0.364)
(0.417, 0.583)
(0.345, 0.655)
(0.436, 0.564)
(0.541, 0.459)
(0.294, 0.706)
(0.488, 0.512)
(0.424, 0.576)
(0.476, 0.524)
(0.5, 0.5)
(0.493, 0.507)
(0.27, 0.73)
(0.614, 0.386)
(0.637, 0.363)
(0.46, 0.54)
(0.356, 0.644)
(0.486, 0.514)
(0.565, 0.435)
(0.383, 0.617)
(0.661, 0.339)
(0.535, 0.465)
(0.33, 0.67)
(0.434, 0.566)
(0.533, 0.467)
(0.638, 0.362)
(0.363, 0.637)
(0.513, 0.487)
(0.539, 0.461)
(0.586, 0.414)
(0.6, 0.4)
(0.552, 0.448)
(0.401, 0.599)
(0.721, 0.279)
(0.427, 0.573)
(0.442, 0.558)
(0.808, 0.192)
(0.339, 0.661)
(0.333, 0.667)
(0.347, 0.653)
(0.476, 0.524)
(0.586, 0.414)
(0.703, 0.297)
(0.581, 0.419)
(0.515, 0.485)
(0.372, 0.628)
(0.205, 0.795)
(0.398, 0.602)
(0.507, 0.493)
(0.663, 0.337)
(0.528, 0.472)
(0.521, 0.479)
(0.7, 0.3)
(0.714, 0.286)
(0.584, 0.416)
(0.451, 0.549)
(0.336, 0.664)
(0.435, 0.565)
(0.468, 0.532)
(0.479, 0.521)
(0.454, 0.546)
(0.545, 0.455)
(0.796, 0.204)
(0.439, 0.561)
(0.496, 0.504)
(0.449, 0.551)
(0.47, 0.53)
(0.556, 0.444)
(0.758, 0.242)
(0.794, 0.206)
(0.343, 0.657)
(0.481, 0.519)
(0.679, 0.321)
(0.405, 0.595)
(0.309, 0.691)
(0.408, 0.592)
(0.451, 0.549)
(0.575, 0.425)
(0.454, 0.546)
(0.638, 0.362)
(0.389, 0.611)
(0.268, 0.732)
(0.313, 0.687)
(0.515, 0.485)
(0.427, 0.573)
(0.229, 0.771)
(0.366, 0.634)
(0.524, 0.476)
(0.444, 0.556)
(0.635, 0.365)
(0.567, 0.433)
(0.669, 0.331)
(0.396, 0.604)
(0.469, 0.531)
(0.756, 0.244)
(0.599, 0.401)
(0.195, 0.805)
(0.591, 0.409)
(0.63, 0.37)
(0.547, 0.453)
(0.599, 0.401)
(0.262, 0.738)
(0.187, 0.813)
(0.813, 0.187)
(0.529, 0.471)
(0.3, 0.7)
(0.733, 0.267)
(0.257, 0.743)
(0.312, 0.688)
(0.279, 0.721)
(0.384, 0.616)
(0.414, 0.586)
(0.407, 0.593)
(0.403, 0.597)
(0.629, 0.371)
(0.782, 0.218)
(0.487, 0.513)
(0.522, 0.478)
(0.626, 0.374)
(0.296, 0.704)
(0.654, 0.346)
(0.716, 0.284)
(0.672, 0.328)
(0.571, 0.429)
(0.553, 0.447)
(0.5, 0.5)
(0.686, 0.314)
(0.561, 0.439)
(0.508, 0.492)
(0.685, 0.315)
(0.459, 0.541)
(0.339, 0.661)
(0.448, 0.552)
(0.321, 0.679)
(0.443, 0.557)
(0.283, 0.717)
(0.301, 0.699)
(0.456, 0.544)
(0.624, 0.376)
(0.51, 0.49)
(0.57, 0.43)
(0.485, 0.515)
(0.502, 0.498)
(0.164, 0.836)
(0.516, 0.484)
(0.675, 0.325)
(0.458, 0.542)
(0.459, 0.541)
(0.638, 0.362)
(0.632, 0.368)
(0.425, 0.575)
(0.287, 0.713)
(0.758, 0.242)
(0.463, 0.537)
(0.747, 0.253)
(0.14, 0.86)
(0.829, 0.171)
(0.209, 0.791)
(0.131, 0.869)
(0.143, 0.857)
(0.834, 0.166)
(0.755, 0.245)
(0.472, 0.528)
(0.16, 0.84)
(0.131, 0.869)
(0.243, 0.757)
(0.186, 0.814)
(0.476, 0.524)
(0.485, 0.515)
(0.597, 0.403)
(0.498, 0.502)
(0.314, 0.686)
(0.277, 0.723)
(0.318, 0.682)
(0.433, 0.567)
(0.357, 0.643)
(0.709, 0.291)
(0.565, 0.435)
(0.577, 0.423)
(0.778, 0.222)
(0.819, 0.181)
(0.332, 0.668)
(0.135, 0.865)
(0.248, 0.752)
(0.432, 0.568)
(0.542, 0.458)
(0.235, 0.765)
(0.762, 0.238)
(0.52, 0.48)
(0.387, 0.613)
(0.674, 0.326)
(0.343, 0.657)
(0.21, 0.79)
(0.174, 0.826)
(0.794, 0.206)
(0.728, 0.272)
(0.213, 0.787)
(0.373, 0.627)
(0.61, 0.39)
(0.733, 0.267)
(0.793, 0.207)
(0.51, 0.49)
(0.554, 0.446)
(0.776, 0.224)
(0.711, 0.289)
(0.405, 0.595)
(0.163, 0.837)
(0.736, 0.264)
(0.386, 0.614)
(0.333, 0.667)
(0.735, 0.265)
(0.745, 0.255)
(0.617, 0.383)
(0.247, 0.753)
(0.535, 0.465)
(0.276, 0.724)
(0.135, 0.865)
(0.188, 0.812)
(0.241, 0.759)
(0.694, 0.306)
(0.542, 0.458)
(0.788, 0.212)
(0.236, 0.764)
(0.344, 0.656)
(0.517, 0.483)
(0.556, 0.444)
(0.456, 0.544)
(0.461, 0.539)
(0.406, 0.594)
(0.818, 0.182)
(0.78, 0.22)
(0.726, 0.274)
(0.626, 0.374)
(0.441, 0.559)
(0.441, 0.559)
(0.591, 0.409)
(0.396, 0.604)
(0.651, 0.349)
(0.807, 0.193)
(0.726, 0.274)
(0.374, 0.626)
(0.482, 0.518)
(0.325, 0.675)
(0.368, 0.632)
(0.249, 0.751)
(0.637, 0.363)
(0.687, 0.313)
(0.606, 0.394)
(0.775, 0.225)
(0.667, 0.333)
(0.337, 0.663)
(0.66, 0.34)
(0.621, 0.379)
(0.491, 0.509)
(0.541, 0.459)
(0.65, 0.35)
(0.653, 0.347)
(0.335, 0.665)
(0.449, 0.551)
(0.301, 0.699)
(0.706, 0.294)
(0.703, 0.297)
(0.649, 0.351)
(0.522, 0.478)
(0.445, 0.555)
(0.408, 0.592)
(0.452, 0.548)
(0.248, 0.752)
(0.336, 0.664)
(0.331, 0.669)
(0.675, 0.325)
(0.725, 0.275)
(0.704, 0.296)
(0.471, 0.529)
(0.34, 0.66)
(0.328, 0.672)
(0.582, 0.418)
(0.341, 0.659)
(0.588, 0.412)
(0.566, 0.434)
(0.664, 0.336)
(0.508, 0.492)
(0.564, 0.436)
(0.486, 0.514)
(0.452, 0.548)
(0.401, 0.599)
(0.538, 0.462)
(0.531, 0.469)
(0.693, 0.307)
(0.705, 0.295)
(0.608, 0.392)
(0.434, 0.566)
(0.394, 0.606)
(0.493, 0.507)
(0.641, 0.359)
(0.204, 0.796)
(0.538, 0.462)
(0.749, 0.251)
(0.641, 0.359)
(0.575, 0.425)
(0.462, 0.538)
(0.606, 0.394)
(0.704, 0.296)
(0.497, 0.503)
(0.596, 0.404)
(0.511, 0.489)
(0.673, 0.327)
(0.356, 0.644)
(0.712, 0.288)
(0.542, 0.458)
(0.448, 0.552)
(0.443, 0.557)
(0.602, 0.398)
(0.541, 0.459)
(0.587, 0.413)
(0.32, 0.68)
(0.245, 0.755)
(0.588, 0.412)
(0.725, 0.275)
(0.359, 0.641)
(0.35, 0.65)
(0.495, 0.505)
(0.494, 0.506)
(0.252, 0.748)
(0.481, 0.519)
(0.628, 0.372)
(0.549, 0.451)
(0.67, 0.33)
(0.544, 0.456)
(0.662, 0.338)
(0.512, 0.488)
(0.385, 0.615)
(0.574, 0.426)
(0.389, 0.611)
(0.337, 0.663)
(0.484, 0.516)
(0.458, 0.542)
(0.5, 0.5)
(0.567, 0.433)
(0.458, 0.542)
(0.474, 0.526)
(0.327, 0.673)
(0.481, 0.519)
(0.486, 0.514)
(0.336, 0.664)
(0.457, 0.543)
(0.485, 0.515)
(0.425, 0.575)
(0.515, 0.485)
(0.427, 0.573)
(0.492, 0.508)
(0.494, 0.506)
(0.593, 0.407)
(0.634, 0.366)
(0.538, 0.462)
(0.654, 0.346)
(0.526, 0.474)
(0.463, 0.537)
(0.492, 0.508)
(0.619, 0.381)
(0.313, 0.687)
(0.58, 0.42)
(0.386, 0.614)
(0.382, 0.618)
(0.32, 0.68)
(0.707, 0.293)
(0.489, 0.511)
(0.34, 0.66)
(0.43, 0.57)
(0.539, 0.461)
(0.478, 0.522)
(0.533, 0.467)
(0.701, 0.299)
(0.541, 0.459)
(0.569, 0.431)
(0.549, 0.451)
(0.477, 0.523)
(0.603, 0.397)
(0.613, 0.387)
(0.504, 0.496)
(0.261, 0.739)
(0.458, 0.542)
(0.587, 0.413)
(0.581, 0.419)
(0.565, 0.435)
(0.505, 0.495)
(0.634, 0.366)
(0.553, 0.447)
(0.409, 0.591)
(0.587, 0.413)
(0.434, 0.566)
(0.337, 0.663)
(0.637, 0.363)
(0.441, 0.559)
(0.422, 0.578)
(0.595, 0.405)
(0.638, 0.362)
(0.509, 0.491)
(0.491, 0.509)
(0.539, 0.461)
(0.556, 0.444)
(0.566, 0.434)
(0.449, 0.551)
(0.333, 0.667)
(0.505, 0.495)
(0.397, 0.603)
(0.391, 0.609)
(0.4, 0.6)
(0.376, 0.624)
(0.445, 0.555)
(0.53, 0.47)
(0.572, 0.428)
(0.301, 0.699)
(0.63, 0.37)
(0.396, 0.604)
(0.402, 0.598)
(0.383, 0.617)
(0.509, 0.491)
(0.475, 0.525)
(0.487, 0.513)
(0.398, 0.602)
(0.371, 0.629)
(0.533, 0.467)
(0.639, 0.361)
(0.654, 0.346)
(0.388, 0.612)
(0.643, 0.357)
(0.575, 0.425)
(0.611, 0.389)
(0.422, 0.578)
(0.47, 0.53)
(0.305, 0.695)
(0.501, 0.499)
(0.643, 0.357)
(0.61, 0.39)
(0.584, 0.416)
(0.552, 0.448)
(0.594, 0.406)
(0.481, 0.519)
(0.388, 0.612)
(0.472, 0.528)
(0.479, 0.521)
(0.492, 0.508)
(0.444, 0.556)
(0.365, 0.635)
(0.536, 0.464)
(0.585, 0.415)
(0.594, 0.406)
(0.527, 0.473)
(0.612, 0.388)
(0.523, 0.477)
(0.555, 0.445)
(0.595, 0.405)
(0.539, 0.461)
(0.576, 0.424)
(0.413, 0.587)
(0.492, 0.508)
(0.398, 0.602)
(0.513, 0.487)
(0.545, 0.455)
(0.504, 0.496)
(0.439, 0.561)
(0.401, 0.599)
(0.441, 0.559)
(0.495, 0.505)
(0.415, 0.585)
(0.496, 0.504)
(0.608, 0.392)
(0.484, 0.516)
(0.537, 0.463)
(0.459, 0.541)
(0.384, 0.616)
(0.492, 0.508)
(0.489, 0.511)
(0.446, 0.554)
(0.578, 0.422)
(0.573, 0.427)
(0.568, 0.432)
(0.55, 0.45)
(0.356, 0.644)
(0.456, 0.544)
(0.419, 0.581)
(0.41, 0.59)
(0.453, 0.547)
(0.572, 0.428)
(0.474, 0.526)
(0.572, 0.428)
(0.62, 0.38)
(0.504, 0.496)
(0.416, 0.584)
(0.561, 0.439)
(0.478, 0.522)
(0.611, 0.389)
(0.563, 0.437)
(0.46, 0.54)
(0.53, 0.47)
(0.418, 0.582)
(0.362, 0.638)
(0.368, 0.632)
(0.424, 0.576)
(0.333, 0.667)
(0.547, 0.453)
(0.628, 0.372)
(0.669, 0.331)
(0.428, 0.572)
(0.498, 0.502)
(0.33, 0.67)
(0.398, 0.602)
(0.64, 0.36)
(0.444, 0.556)
(0.545, 0.455)
(0.584, 0.416)
(0.459, 0.541)
(0.317, 0.683)
(0.508, 0.492)
(0.54, 0.46)
(0.645, 0.355)
(0.501, 0.499)
(0.524, 0.476)
(0.544, 0.456)
(0.361, 0.639)
(0.543, 0.457)
(0.604, 0.396)
(0.43, 0.57)
(0.372, 0.628)
(0.504, 0.496)
(0.517, 0.483)
(0.625, 0.375)
(0.356, 0.644)
(0.511, 0.489)
(0.573, 0.427)
(0.657, 0.343)
(0.482, 0.518)
(0.331, 0.669)
(0.437, 0.563)
(0.575, 0.425)
(0.759, 0.241)
(0.62, 0.38)
(0.614, 0.386)
(0.445, 0.555)
(0.606, 0.394)
(0.69, 0.31)
(0.668, 0.332)
(0.727, 0.273)
(0.443, 0.557)
(0.68, 0.32)
(0.464, 0.536)
(0.536, 0.464)
(0.261, 0.739)
(0.458, 0.542)
(0.42, 0.58)
(0.349, 0.651)
(0.627, 0.373)
(0.642, 0.358)
(0.426, 0.574)
(0.548, 0.452)
(0.588, 0.412)
(0.477, 0.523)
(0.457, 0.543)
(0.556, 0.444)
(0.233, 0.767)
(0.617, 0.383)
(0.683, 0.317)
(0.489, 0.511)
(0.733, 0.267)
(0.365, 0.635)
(0.482, 0.518)
(0.574, 0.426)
(0.489, 0.511)
(0.247, 0.753)
(0.341, 0.659)
(0.242, 0.758)
(0.465, 0.535)
(0.459, 0.541)
(0.244, 0.756)
(0.368, 0.632)
(0.487, 0.513)
(0.578, 0.422)
(0.416, 0.584)
(0.191, 0.809)
(0.343, 0.657)
(0.682, 0.318)
(0.722, 0.278)
(0.439, 0.561)
(0.312, 0.688)
(0.265, 0.735)
(0.583, 0.417)
(0.585, 0.415)
(0.423, 0.577)
(0.491, 0.509)
(0.652, 0.348)
(0.67, 0.33)
(0.654, 0.346)
(0.475, 0.525)
(0.607, 0.393)
(0.385, 0.615)
(0.25, 0.75)
(0.566, 0.434)
(0.549, 0.451)
(0.437, 0.563)
(0.605, 0.395)
(0.455, 0.545)
(0.536, 0.464)
(0.373, 0.627)
(0.478, 0.522)
(0.256, 0.744)
(0.559, 0.441)
(0.347, 0.653)
(0.498, 0.502)
(0.467, 0.533)
(0.284, 0.716)
(0.358, 0.642)
(0.549, 0.451)
(0.635, 0.365)
(0.629, 0.371)
(0.529, 0.471)
(0.725, 0.275)
(0.649, 0.351)
(0.69, 0.31)
(0.413, 0.587)
(0.404, 0.596)
(0.437, 0.563)
(0.494, 0.506)
(0.576, 0.424)
(0.502, 0.498)
(0.473, 0.527)
(0.672, 0.328)
(0.551, 0.449)
(0.558, 0.442)
(0.329, 0.671)
(0.287, 0.713)
(0.347, 0.653)
(0.646, 0.354)
(0.635, 0.365)
(0.568, 0.432)
(0.395, 0.605)
(0.532, 0.468)
(0.503, 0.497)
(0.493, 0.507)
(0.582, 0.418)
(0.682, 0.318)
(0.651, 0.349)
(0.407, 0.593)
(0.592, 0.408)
(0.274, 0.726)
(0.478, 0.522)
(0.359, 0.641)
(0.627, 0.373)
(0.516, 0.484)
(0.532, 0.468)
(0.483, 0.517)
(0.603, 0.397)
(0.423, 0.577)
(0.533, 0.467)
(0.435, 0.565)
(0.453, 0.547)
(0.556, 0.444)
(0.354, 0.646)
(0.433, 0.567)
(0.266, 0.734)
(0.414, 0.586)
(0.411, 0.589)
(0.534, 0.466)
(0.487, 0.513)
(0.472, 0.528)
(0.581, 0.419)
(0.466, 0.534)
(0.377, 0.623)
(0.421, 0.579)
(0.624, 0.376)
(0.385, 0.615)
(0.257, 0.743)
(0.439, 0.561)
(0.752, 0.248)
(0.523, 0.477)
(0.708, 0.292)
(0.47, 0.53)
(0.429, 0.571)
(0.498, 0.502)
(0.64, 0.36)
(0.404, 0.596)
(0.351, 0.649)
(0.407, 0.593)
(0.568, 0.432)
(0.601, 0.399)
(0.442, 0.558)
(0.49, 0.51)
(0.497, 0.503)
(0.665, 0.335)
(0.681, 0.319)
(0.462, 0.538)
(0.574, 0.426)
(0.49, 0.51)
(0.424, 0.576)
(0.374, 0.626)
(0.39, 0.61)
(0.513, 0.487)
(0.497, 0.503)
(0.761, 0.239)
(0.435, 0.565)
(0.552, 0.448)
(0.411, 0.589)
(0.432, 0.568)
(0.364, 0.636)
(0.545, 0.455)
(0.574, 0.426)
(0.674, 0.326)
(0.579, 0.421)
(0.513, 0.487)
(0.446, 0.554)
(0.54, 0.46)
(0.556, 0.444)
(0.575, 0.425)
(0.646, 0.354)
(0.675, 0.325)
(0.583, 0.417)
(0.387, 0.613)
(0.437, 0.563)
(0.339, 0.661)
(0.522, 0.478)
(0.525, 0.475)
(0.363, 0.637)
(0.36, 0.64)
(0.412, 0.588)
(0.517, 0.483)
(0.543, 0.457)
(0.369, 0.631)
(0.357, 0.643)
(0.538, 0.462)
(0.472, 0.528)
(0.433, 0.567)
(0.498, 0.502)
(0.496, 0.504)
(0.358, 0.642)
(0.414, 0.586)
(0.418, 0.582)
(0.43, 0.57)
(0.662, 0.338)
(0.491, 0.509)
(0.523, 0.477)
(0.432, 0.568)
(0.555, 0.445)
(0.557, 0.443)
(0.268, 0.732)
(0.364, 0.636)
(0.404, 0.596)
(0.571, 0.429)
(0.649, 0.351)
(0.605, 0.395)
(0.522, 0.478)
(0.471, 0.529)
(0.324, 0.676)
(0.521, 0.479)
(0.392, 0.608)
(0.588, 0.412)
(0.563, 0.437)
(0.591, 0.409)
(0.547, 0.453)
(0.463, 0.537)
(0.487, 0.513)
(0.39, 0.61)
(0.595, 0.405)
(0.634, 0.366)
(0.571, 0.429)
(0.512, 0.488)
(0.669, 0.331)
(0.449, 0.551)
(0.526, 0.474)
(0.497, 0.503)
(0.518, 0.482)
(0.563, 0.437)
(0.588, 0.412)
(0.514, 0.486)
(0.598, 0.402)
(0.484, 0.516)
(0.44, 0.56)
(0.526, 0.474)
(0.388, 0.612)
(0.497, 0.503)
(0.5, 0.5)
(0.491, 0.509)
(0.537, 0.463)
(0.544, 0.456)
(0.433, 0.567)
(0.388, 0.612)
(0.357, 0.643)
(0.471, 0.529)
(0.486, 0.514)
(0.519, 0.481)
(0.466, 0.534)
(0.495, 0.505)
(0.466, 0.534)
(0.424, 0.576)
(0.431, 0.569)
(0.427, 0.573)
(0.512, 0.488)
(0.569, 0.431)
(0.509, 0.491)
(0.53, 0.47)
(0.438, 0.562)
(0.534, 0.466)
(0.41, 0.59)
(0.413, 0.587)
(0.49, 0.51)
(0.527, 0.473)
(0.481, 0.519)
(0.55, 0.45)
(0.512, 0.488)
(0.473, 0.527)
(0.459, 0.541)
(0.485, 0.515)
(0.514, 0.486)
(0.485, 0.515)
(0.516, 0.484)
(0.476, 0.524)
(0.483, 0.517)
(0.545, 0.455)
(0.498, 0.502)
(0.478, 0.522)
(0.519, 0.481)
(0.508, 0.492)
(0.535, 0.465)
(0.598, 0.402)
(0.531, 0.469)
(0.449, 0.551)
(0.477, 0.523)
(0.489, 0.511)
(0.441, 0.559)
(0.527, 0.473)
(0.538, 0.462)
(0.58, 0.42)
(0.513, 0.487)
(0.592, 0.408)
(0.462, 0.538)
(0.5, 0.5)
(0.435, 0.565)
(0.502, 0.498)
(0.418, 0.582)
(0.548, 0.452)
(0.468, 0.532)
(0.544, 0.456)
(0.467, 0.533)
(0.482, 0.518)
(0.499, 0.501)
(0.496, 0.504)
(0.464, 0.536)
(0.49, 0.51)
(0.531, 0.469)
(0.484, 0.516)
(0.527, 0.473)
(0.501, 0.499)
(0.465, 0.535)
(0.49, 0.51)
(0.509, 0.491)
(0.543, 0.457)
(0.46, 0.54)
(0.504, 0.496)
(0.482, 0.518)
(0.522, 0.478)
(0.532, 0.468)
(0.501, 0.499)
(0.446, 0.554)
(0.447, 0.553)
(0.533, 0.467)
(0.485, 0.515)
(0.536, 0.464)
(0.471, 0.529)
(0.515, 0.485)
(0.486, 0.514)
(0.488, 0.512)
(0.464, 0.536)
(0.596, 0.404)
(0.513, 0.487)
(0.516, 0.484)
(0.512, 0.488)
(0.574, 0.426)
(0.467, 0.533)
(0.438, 0.562)
(0.502, 0.498)
(0.556, 0.444)
(0.498, 0.502)
(0.557, 0.443)
(0.514, 0.486)
(0.508, 0.492)
(0.531, 0.469)
(0.515, 0.485)
(0.496, 0.504)
(0.639, 0.361)
(0.464, 0.536)
(0.496, 0.504)
(0.503, 0.497)
(0.542, 0.458)
(0.412, 0.588)
(0.573, 0.427)
(0.502, 0.498)
(0.532, 0.468)
(0.598, 0.402)
(0.574, 0.426)
(0.527, 0.473)
(0.386, 0.614)
(0.43, 0.57)
(0.629, 0.371)
(0.53, 0.47)
(0.518, 0.482)
(0.389, 0.611)
(0.457, 0.543)
(0.462, 0.538)
(0.528, 0.472)
(0.44, 0.56)
(0.467, 0.533)
(0.491, 0.509)
(0.496, 0.504)
(0.634, 0.366)
(0.477, 0.523)
(0.415, 0.585)
(0.522, 0.478)
(0.487, 0.513)
(0.505, 0.495)
(0.538, 0.462)
(0.539, 0.461)
(0.421, 0.579)
(0.579, 0.421)
(0.537, 0.463)
(0.5, 0.5)
(0.482, 0.518)
(0.51, 0.49)
(0.447, 0.553)
(0.456, 0.544)
(0.543, 0.457)
(0.494, 0.506)
(0.496, 0.504)
(0.487, 0.513)
(0.535, 0.465)
(0.48, 0.52)
(0.436, 0.564)
(0.56, 0.44)
(0.687, 0.313)
(0.479, 0.521)
(0.477, 0.523)
(0.611, 0.389)
(0.402, 0.598)
(0.425, 0.575)
(0.493, 0.507)
(0.524, 0.476)
(0.407, 0.593)
(0.367, 0.633)
(0.423, 0.577)
(0.533, 0.467)
(0.384, 0.616)
(0.607, 0.393)
(0.407, 0.593)
(0.339, 0.661)
(0.248, 0.752)
(0.66, 0.34)
(0.392, 0.608)
(0.301, 0.699)
(0.508, 0.492)
(0.531, 0.469)
(0.528, 0.472)
(0.575, 0.425)
(0.467, 0.533)
(0.408, 0.592)
(0.339, 0.661)
(0.293, 0.707)
(0.56, 0.44)
(0.563, 0.437)
(0.525, 0.475)
(0.536, 0.464)
(0.432, 0.568)
(0.427, 0.573)
(0.547, 0.453)
(0.542, 0.458)
(0.455, 0.545)
(0.489, 0.511)
(0.509, 0.491)
(0.573, 0.427)
(0.406, 0.594)
(0.395, 0.605)
(0.649, 0.351)
(0.39, 0.61)
(0.529, 0.471)
(0.522, 0.478)
(0.333, 0.667)
(0.701, 0.299)
(0.714, 0.286)
(0.561, 0.439)
(0.458, 0.542)
(0.625, 0.375)
(0.483, 0.517)
(0.545, 0.455)
(0.508, 0.492)
(0.619, 0.381)
(0.68, 0.32)
(0.557, 0.443)
(0.483, 0.517)
(0.543, 0.457)
(0.565, 0.435)
(0.425, 0.575)
(0.558, 0.442)
(0.474, 0.526)
(0.529, 0.471)
(0.525, 0.475)
(0.304, 0.696)
(0.407, 0.593)
(0.485, 0.515)
(0.478, 0.522)
(0.484, 0.516)
(0.533, 0.467)
(0.462, 0.538)
(0.556, 0.444)
(0.561, 0.439)
(0.509, 0.491)
(0.493, 0.507)
(0.397, 0.603)
(0.444, 0.556)
(0.446, 0.554)
(0.495, 0.505)
(0.575, 0.425)
(0.557, 0.443)
(0.491, 0.509)
(0.536, 0.464)
(0.577, 0.423)
(0.516, 0.484)
(0.404, 0.596)
(0.456, 0.544)
(0.474, 0.526)
(0.499, 0.501)
(0.457, 0.543)
(0.496, 0.504)
(0.445, 0.555)
(0.502, 0.498)
(0.435, 0.565)
(0.415, 0.585)
(0.342, 0.658)
(0.484, 0.516)
(0.555, 0.445)
(0.562, 0.438)
(0.566, 0.434)
(0.515, 0.485)
(0.505, 0.495)
(0.476, 0.524)
(0.478, 0.522)
(0.564, 0.436)
(0.504, 0.496)
(0.465, 0.535)
(0.561, 0.439)
(0.539, 0.461)
(0.548, 0.452)
(0.685, 0.315)
(0.509, 0.491)
(0.512, 0.488)
(0.409, 0.591)
(0.558, 0.442)
(0.474, 0.526)
(0.524, 0.476)
(0.539, 0.461)
(0.425, 0.575)
(0.41, 0.59)
(0.257, 0.743)
(0.486, 0.514)
(0.595, 0.405)
(0.545, 0.455)
(0.533, 0.467)
(0.592, 0.408)
(0.434, 0.566)
(0.37, 0.63)
(0.415, 0.585)
(0.32, 0.68)
(0.513, 0.487)
(0.598, 0.402)
(0.548, 0.452)
(0.393, 0.607)
(0.321, 0.679)
(0.683, 0.317)
(0.476, 0.524)
(0.656, 0.344)
(0.528, 0.472)
(0.597, 0.403)
(0.621, 0.379)
(0.734, 0.266)
(0.811, 0.189)
(0.675, 0.325)
(0.608, 0.392)
(0.446, 0.554)
(0.338, 0.662)
(0.379, 0.621)
(0.776, 0.224)
(0.412, 0.588)
(0.657, 0.343)
(0.583, 0.417)
(0.582, 0.418)
(0.33, 0.67)
(0.203, 0.797)
(0.399, 0.601)
(0.462, 0.538)
(0.439, 0.561)
(0.5, 0.5)
(0.592, 0.408)
(0.358, 0.642)
(0.507, 0.493)
(0.557, 0.443)
(0.546, 0.454)
(0.433, 0.567)
(0.693, 0.307)
(0.471, 0.529)
(0.461, 0.539)
(0.619, 0.381)
(0.196, 0.804)
(0.438, 0.562)
(0.51, 0.49)
(0.248, 0.752)
(0.216, 0.784)
(0.477, 0.523)
(0.525, 0.475)
(0.587, 0.413)
(0.426, 0.574)
(0.618, 0.382)
(0.732, 0.268)
(0.317, 0.683)
(0.579, 0.421)
(0.502, 0.498)
(0.512, 0.488)
(0.526, 0.474)
(0.557, 0.443)
(0.765, 0.235)
(0.293, 0.707)
(0.505, 0.495)
(0.44, 0.56)
(0.347, 0.653)
(0.666, 0.334)
(0.791, 0.209)
(0.464, 0.536)
(0.604, 0.396)
(0.235, 0.765)
(0.742, 0.258)
(0.245, 0.755)
(0.697, 0.303)
(0.379, 0.621)
(0.736, 0.264)
(0.737, 0.263)
(0.565, 0.435)
(0.573, 0.427)
(0.643, 0.357)
(0.498, 0.502)
(0.299, 0.701)
(0.16, 0.84)
(0.509, 0.491)
(0.761, 0.239)
(0.442, 0.558)
(0.253, 0.747)
(0.369, 0.631)
(0.698, 0.302)
(0.506, 0.494)
(0.405, 0.595)
(0.36, 0.64)
(0.454, 0.546)
(0.351, 0.649)
(0.59, 0.41)
(0.377, 0.623)
(0.622, 0.378)
(0.717, 0.283)
(0.343, 0.657)
(0.552, 0.448)
(0.21, 0.79)
(0.611, 0.389)
(0.487, 0.513)
(0.62, 0.38)
(0.209, 0.791)
(0.253, 0.747)
(0.38, 0.62)
(0.342, 0.658)
(0.591, 0.409)
(0.155, 0.845)
(0.767, 0.233)
(0.177, 0.823)
(0.472, 0.528)
(0.648, 0.352)
(0.657, 0.343)
(0.375, 0.625)
(0.201, 0.799)
(0.656, 0.344)
(0.437, 0.563)
(0.565, 0.435)
(0.369, 0.631)
(0.61, 0.39)
(0.537, 0.463)
(0.328, 0.672)
(0.566, 0.434)
(0.222, 0.778)
(0.746, 0.254)
(0.524, 0.476)
(0.602, 0.398)
(0.761, 0.239)
(0.402, 0.598)
(0.711, 0.289)
(0.781, 0.219)
(0.298, 0.702)
(0.388, 0.612)
(0.671, 0.329)
(0.635, 0.365)
(0.734, 0.266)
(0.271, 0.729)
(0.587, 0.413)
(0.694, 0.306)
(0.735, 0.265)
(0.484, 0.516)
(0.27, 0.73)
(0.298, 0.702)
(0.518, 0.482)
(0.453, 0.547)
(0.6, 0.4)
(0.725, 0.275)
(0.619, 0.381)
(0.215, 0.785)
(0.41, 0.59)
(0.706, 0.294)
(0.331, 0.669)
(0.286, 0.714)
(0.557, 0.443)
(0.656, 0.344)
(0.711, 0.289)
(0.434, 0.566)
(0.299, 0.701)
(0.301, 0.699)
(0.275, 0.725)
(0.233, 0.767)
(0.195, 0.805)
(0.464, 0.536)
(0.531, 0.469)
(0.778, 0.222)
(0.659, 0.341)
(0.386, 0.614)
(0.31, 0.69)
(0.683, 0.317)
(0.22, 0.78)
(0.795, 0.205)
(0.52, 0.48)
(0.297, 0.703)
(0.443, 0.557)
(0.403, 0.597)
(0.632, 0.368)
(0.583, 0.417)
(0.42, 0.58)
(0.42, 0.58)
(0.354, 0.646)
(0.787, 0.213)
(0.816, 0.184)
(0.203, 0.797)
(0.588, 0.412)
(0.199, 0.801)
(0.67, 0.33)
(0.28, 0.72)
(0.271, 0.729)
(0.482, 0.518)
(0.323, 0.677)
(0.805, 0.195)
(0.511, 0.489)
(0.318, 0.682)
(0.271, 0.729)
(0.643, 0.357)
(0.309, 0.691)
(0.603, 0.397)
(0.224, 0.776)
(0.598, 0.402)
(0.147, 0.853)
(0.299, 0.701)
(0.202, 0.798)
(0.567, 0.433)
(0.692, 0.308)
(0.752, 0.248)
(0.719, 0.281)
(0.206, 0.794)
(0.745, 0.255)
(0.233, 0.767)
(0.772, 0.228)
(0.646, 0.354)
(0.711, 0.289)
(0.2, 0.8)
(0.495, 0.505)
(0.552, 0.448)
(0.801, 0.199)
(0.727, 0.273)
(0.598, 0.402)
(0.386, 0.614)
(0.324, 0.676)
(0.705, 0.295)
(0.693, 0.307)
(0.583, 0.417)
(0.161, 0.839)
(0.343, 0.657)
(0.581, 0.419)
(0.782, 0.218)
(0.651, 0.349)
(0.392, 0.608)
(0.797, 0.203)
(0.222, 0.778)
(0.597, 0.403)
(0.62, 0.38)
(0.726, 0.274)
(0.531, 0.469)
(0.763, 0.237)
(0.451, 0.549)
(0.447, 0.553)
(0.524, 0.476)
(0.589, 0.411)
(0.161, 0.839)
(0.499, 0.501)
(0.753, 0.247)
(0.287, 0.713)
(0.565, 0.435)
(0.376, 0.624)
(0.266, 0.734)
(0.158, 0.842)
(0.454, 0.546)
(0.43, 0.57)
(0.207, 0.793)
(0.31, 0.69)
(0.621, 0.379)
(0.654, 0.346)
(0.418, 0.582)
(0.456, 0.544)
(0.447, 0.553)
(0.488, 0.512)
(0.488, 0.512)
(0.738, 0.262)
(0.664, 0.336)
(0.763, 0.237)
(0.761, 0.239)
(0.689, 0.311)
(0.221, 0.779)
(0.223, 0.777)
(0.761, 0.239)
(0.794, 0.206)
(0.635, 0.365)
(0.415, 0.585)
(0.449, 0.551)
(0.224, 0.776)
(0.575, 0.425)
(0.49, 0.51)
(0.377, 0.623)
(0.439, 0.561)
(0.552, 0.448)
(0.58, 0.42)
(0.407, 0.593)
(0.249, 0.751)
(0.714, 0.286)
(0.283, 0.717)
(0.367, 0.633)
(0.691, 0.309)
(0.715, 0.285)
(0.631, 0.369)
(0.431, 0.569)
(0.307, 0.693)
(0.434, 0.566)
(0.592, 0.408)
(0.672, 0.328)
(0.498, 0.502)
(0.428, 0.572)
(0.323, 0.677)
(0.595, 0.405)
(0.637, 0.363)
(0.321, 0.679)
(0.32, 0.68)
(0.509, 0.491)
(0.228, 0.772)
(0.346, 0.654)
(0.712, 0.288)
(0.393, 0.607)
(0.363, 0.637)
(0.54, 0.46)
(0.453, 0.547)
(0.319, 0.681)
(0.337, 0.663)
(0.48, 0.52)
(0.322, 0.678)
(0.556, 0.444)
(0.586, 0.414)
(0.711, 0.289)
(0.576, 0.424)
(0.375, 0.625)
(0.448, 0.552)
(0.57, 0.43)
(0.41, 0.59)
(0.604, 0.396)
(0.585, 0.415)
(0.487, 0.513)
(0.456, 0.544)
(0.593, 0.407)
(0.365, 0.635)
(0.483, 0.517)
(0.636, 0.364)
(0.382, 0.618)
(0.308, 0.692)
(0.457, 0.543)
(0.683, 0.317)
(0.615, 0.385)
(0.424, 0.576)
(0.266, 0.734)
(0.473, 0.527)
(0.485, 0.515)
(0.385, 0.615)
(0.663, 0.337)
(0.663, 0.337)
(0.588, 0.412)
(0.737, 0.263)
(0.583, 0.417)
(0.339, 0.661)
(0.416, 0.584)
(0.573, 0.427)
(0.452, 0.548)
(0.365, 0.635)
(0.54, 0.46)
(0.563, 0.437)
(0.557, 0.443)
(0.49, 0.51)
(0.468, 0.532)
(0.309, 0.691)
(0.474, 0.526)
(0.64, 0.36)
(0.705, 0.295)
(0.335, 0.665)
(0.387, 0.613)
(0.484, 0.516)
(0.424, 0.576)
(0.462, 0.538)
(0.486, 0.514)
(0.574, 0.426)
(0.477, 0.523)
(0.476, 0.524)
(0.64, 0.36)
(0.354, 0.646)
(0.478, 0.522)
(0.427, 0.573)
(0.381, 0.619)
(0.367, 0.633)
(0.393, 0.607)
(0.405, 0.595)
(0.353, 0.647)
(0.407, 0.593)
(0.445, 0.555)
(0.672, 0.328)
(0.446, 0.554)
(0.465, 0.535)
(0.511, 0.489)
(0.619, 0.381)
(0.62, 0.38)
(0.506, 0.494)
(0.38, 0.62)
(0.301, 0.699)
(0.521, 0.479)
(0.468, 0.532)
(0.526, 0.474)
(0.564, 0.436)
(0.659, 0.341)
(0.486, 0.514)
(0.466, 0.534)
(0.459, 0.541)
(0.523, 0.477)
(0.517, 0.483)
(0.488, 0.512)
(0.369, 0.631)
(0.427, 0.573)
(0.381, 0.619)
(0.569, 0.431)
(0.476, 0.524)
(0.547, 0.453)
(0.25, 0.75)
(0.22, 0.78)
(0.592, 0.408)
(0.581, 0.419)
(0.448, 0.552)
(0.684, 0.316)
(0.423, 0.577)
(0.365, 0.635)
(0.353, 0.647)
(0.659, 0.341)
(0.523, 0.477)
(0.444, 0.556)
(0.481, 0.519)
(0.48, 0.52)
(0.724, 0.276)
(0.583, 0.417)
(0.422, 0.578)
(0.507, 0.493)
(0.56, 0.44)
(0.514, 0.486)
(0.495, 0.505)
(0.332, 0.668)
(0.357, 0.643)
(0.5, 0.5)
(0.39, 0.61)
(0.474, 0.526)
(0.334, 0.666)
(0.371, 0.629)
(0.604, 0.396)
(0.451, 0.549)
(0.755, 0.245)
(0.558, 0.442)
(0.392, 0.608)
(0.583, 0.417)
(0.417, 0.583)
(0.427, 0.573)
(0.615, 0.385)
(0.706, 0.294)
(0.606, 0.394)
(0.479, 0.521)
(0.599, 0.401)
(0.567, 0.433)
(0.555, 0.445)
(0.391, 0.609)
(0.634, 0.366)
(0.71, 0.29)
(0.57, 0.43)
(0.27, 0.73)
(0.57, 0.43)
(0.297, 0.703)
(0.518, 0.482)
(0.578, 0.422)
(0.435, 0.565)
(0.523, 0.477)
(0.66, 0.34)
(0.449, 0.551)
(0.616, 0.384)
(0.596, 0.404)
(0.298, 0.702)
(0.491, 0.509)
(0.596, 0.404)
(0.496, 0.504)
(0.393, 0.607)
(0.469, 0.531)
(0.576, 0.424)
(0.531, 0.469)
(0.55, 0.45)
(0.603, 0.397)
(0.598, 0.402)
(0.304, 0.696)
(0.392, 0.608)
(0.59, 0.41)
(0.278, 0.722)
(0.312, 0.688)
(0.533, 0.467)
(0.586, 0.414)
(0.383, 0.617)
(0.593, 0.407)
(0.457, 0.543)
(0.675, 0.325)
(0.401, 0.599)
(0.393, 0.607)
(0.491, 0.509)
(0.589, 0.411)
(0.676, 0.324)
(0.342, 0.658)
(0.594, 0.406)
(0.62, 0.38)
(0.523, 0.477)
(0.625, 0.375)
(0.45, 0.55)
(0.493, 0.507)
(0.463, 0.537)
(0.568, 0.432)
(0.376, 0.624)
(0.64, 0.36)
(0.348, 0.652)
(0.456, 0.544)
(0.577, 0.423)
(0.43, 0.57)
(0.348, 0.652)
(0.61, 0.39)
(0.63, 0.37)
(0.552, 0.448)
(0.599, 0.401)
(0.398, 0.602)
(0.498, 0.502)
(0.51, 0.49)
(0.455, 0.545)
(0.616, 0.384)
(0.566, 0.434)
(0.453, 0.547)
(0.518, 0.482)
(0.57, 0.43)
(0.424, 0.576)
(0.428, 0.572)
(0.595, 0.405)
(0.546, 0.454)
(0.583, 0.417)
(0.551, 0.449)
(0.54, 0.46)
(0.499, 0.501)
(0.458, 0.542)
(0.571, 0.429)
(0.556, 0.444)
(0.437, 0.563)
(0.517, 0.483)
(0.44, 0.56)
(0.472, 0.528)
(0.499, 0.501)
(0.464, 0.536)
(0.502, 0.498)
(0.632, 0.368)
(0.398, 0.602)
(0.479, 0.521)
(0.478, 0.522)
(0.613, 0.387)
(0.638, 0.362)
(0.484, 0.516)
(0.477, 0.523)
(0.604, 0.396)
(0.438, 0.562)
(0.446, 0.554)
(0.574, 0.426)
(0.543, 0.457)
(0.52, 0.48)
(0.552, 0.448)
(0.544, 0.456)
(0.695, 0.305)
(0.347, 0.653)
(0.44, 0.56)
(0.532, 0.468)
(0.472, 0.528)
(0.401, 0.599)
(0.495, 0.505)
(0.453, 0.547)
(0.626, 0.374)
(0.472, 0.528)
(0.415, 0.585)
(0.458, 0.542)
(0.462, 0.538)
(0.492, 0.508)
(0.494, 0.506)
(0.459, 0.541)
(0.432, 0.568)
(0.508, 0.492)
(0.49, 0.51)
(0.471, 0.529)
(0.537, 0.463)
(0.546, 0.454)
(0.513, 0.487)
(0.507, 0.493)
(0.551, 0.449)
(0.566, 0.434)
(0.682, 0.318)
(0.502, 0.498)
(0.452, 0.548)
(0.364, 0.636)
(0.591, 0.409)
(0.537, 0.463)
(0.576, 0.424)
(0.444, 0.556)
(0.447, 0.553)
(0.527, 0.473)
(0.476, 0.524)
(0.462, 0.538)
(0.432, 0.568)
(0.503, 0.497)
(0.547, 0.453)
(0.264, 0.736)
(0.764, 0.236)
(0.53, 0.47)
(0.267, 0.733)
(0.221, 0.779)
(0.475, 0.525)
(0.405, 0.595)
(0.233, 0.767)
(0.456, 0.544)
(0.465, 0.535)
(0.695, 0.305)
(0.332, 0.668)
(0.629, 0.371)
(0.325, 0.675)
(0.41, 0.59)
(0.37, 0.63)
(0.32, 0.68)
(0.635, 0.365)
(0.652, 0.348)
(0.599, 0.401)
(0.489, 0.511)
(0.332, 0.668)
(0.286, 0.714)
(0.736, 0.264)
(0.735, 0.265)
(0.491, 0.509)
(0.52, 0.48)
(0.462, 0.538)
(0.468, 0.532)
(0.783, 0.217)
(0.578, 0.422)
(0.269, 0.731)
(0.653, 0.347)
(0.63, 0.37)
(0.477, 0.523)
(0.431, 0.569)
(0.724, 0.276)
(0.543, 0.457)
(0.769, 0.231)
(0.439, 0.561)
(0.369, 0.631)
(0.259, 0.741)
(0.624, 0.376)
(0.541, 0.459)
(0.496, 0.504)
(0.364, 0.636)
(0.477, 0.523)
(0.684, 0.316)
(0.636, 0.364)
(0.81, 0.19)
(0.322, 0.678)
(0.345, 0.655)
(0.629, 0.371)
(0.479, 0.521)
(0.38, 0.62)
(0.489, 0.511)
(0.242, 0.758)
(0.463, 0.537)
(0.426, 0.574)
(0.687, 0.313)
(0.315, 0.685)
(0.235, 0.765)
(0.37, 0.63)
(0.359, 0.641)
(0.589, 0.411)
(0.33, 0.67)
(0.353, 0.647)
(0.268, 0.732)
(0.375, 0.625)
(0.494, 0.506)
(0.464, 0.536)
(0.327, 0.673)
(0.23, 0.77)
(0.63, 0.37)
(0.705, 0.295)
(0.57, 0.43)
(0.321, 0.679)
(0.676, 0.324)
(0.248, 0.752)
(0.291, 0.709)
(0.601, 0.399)
(0.662, 0.338)
(0.598, 0.402)
(0.75, 0.25)
(0.627, 0.373)
(0.477, 0.523)
(0.514, 0.486)
(0.51, 0.49)
(0.571, 0.429)
(0.693, 0.307)
(0.808, 0.192)
(0.4, 0.6)
(0.517, 0.483)
(0.4, 0.6)
(0.395, 0.605)
(0.229, 0.771)
(0.329, 0.671)
(0.414, 0.586)
(0.673, 0.327)
(0.645, 0.355)
(0.57, 0.43)
(0.51, 0.49)
(0.269, 0.731)
(0.418, 0.582)
(0.311, 0.689)
(0.526, 0.474)
(0.372, 0.628)
(0.396, 0.604)
(0.641, 0.359)
(0.683, 0.317)
(0.357, 0.643)
(0.543, 0.457)
(0.253, 0.747)
(0.429, 0.571)
(0.457, 0.543)
(0.47, 0.53)
(0.6, 0.4)
(0.456, 0.544)
(0.732, 0.268)
(0.272, 0.728)
(0.367, 0.633)
(0.243, 0.757)
(0.7, 0.3)
(0.506, 0.494)
(0.497, 0.503)
(0.36, 0.64)
(0.614, 0.386)
(0.805, 0.195)
(0.611, 0.389)
(0.483, 0.517)
(0.202, 0.798)
(0.617, 0.383)
(0.199, 0.801)
(0.742, 0.258)
(0.622, 0.378)
(0.542, 0.458)
(0.608, 0.392)
(0.435, 0.565)
(0.431, 0.569)
(0.201, 0.799)
(0.811, 0.189)
(0.646, 0.354)
(0.669, 0.331)
(0.651, 0.349)
(0.647, 0.353)
(0.755, 0.245)
(0.431, 0.569)
(0.343, 0.657)
(0.439, 0.561)
(0.657, 0.343)
(0.531, 0.469)
(0.762, 0.238)
(0.367, 0.633)
(0.395, 0.605)
(0.768, 0.232)
(0.567, 0.433)
(0.341, 0.659)
(0.337, 0.663)
(0.615, 0.385)
(0.245, 0.755)
(0.651, 0.349)
(0.721, 0.279)
(0.587, 0.413)
(0.798, 0.202)
(0.846, 0.154)
(0.139, 0.861)
(0.508, 0.492)
(0.177, 0.823)
(0.674, 0.326)
(0.8, 0.2)
(0.727, 0.273)
(0.542, 0.458)
(0.835, 0.165)
(0.285, 0.715)
(0.455, 0.545)
(0.729, 0.271)
(0.165, 0.835)
(0.732, 0.268)
(0.79, 0.21)
(0.692, 0.308)
(0.322, 0.678)
(0.233, 0.767)
(0.626, 0.374)
(0.362, 0.638)
(0.44, 0.56)
(0.534, 0.466)
(0.553, 0.447)
(0.643, 0.357)
(0.282, 0.718)
(0.754, 0.246)
(0.239, 0.761)
(0.313, 0.687)
(0.722, 0.278)
(0.146, 0.854)
(0.424, 0.576)
(0.347, 0.653)
(0.784, 0.216)
(0.586, 0.414)
(0.71, 0.29)
(0.41, 0.59)
(0.667, 0.333)
(0.205, 0.795)
(0.548, 0.452)
(0.722, 0.278)
(0.477, 0.523)
(0.802, 0.198)
(0.511, 0.489)
(0.416, 0.584)
(0.182, 0.818)
(0.544, 0.456)
(0.467, 0.533)
(0.214, 0.786)
(0.667, 0.333)
(0.697, 0.303)
(0.716, 0.284)
(0.149, 0.851)
(0.634, 0.366)
(0.432, 0.568)
(0.203, 0.797)
(0.31, 0.69)
(0.682, 0.318)
(0.487, 0.513)
(0.751, 0.249)
(0.715, 0.285)
(0.513, 0.487)
(0.813, 0.187)
(0.733, 0.267)
(0.405, 0.595)
(0.734, 0.266)
(0.464, 0.536)
(0.351, 0.649)
(0.703, 0.297)
(0.341, 0.659)
(0.529, 0.471)
(0.67, 0.33)
(0.523, 0.477)
(0.555, 0.445)
(0.355, 0.645)
(0.395, 0.605)
(0.221, 0.779)
(0.364, 0.636)
(0.377, 0.623)
(0.597, 0.403)
(0.442, 0.558)
(0.328, 0.672)
(0.518, 0.482)
(0.523, 0.477)
(0.393, 0.607)
(0.579, 0.421)
(0.313, 0.687)
(0.555, 0.445)
(0.558, 0.442)
(0.409, 0.591)
(0.419, 0.581)
(0.532, 0.468)
(0.524, 0.476)
(0.469, 0.531)
(0.559, 0.441)
(0.635, 0.365)
(0.698, 0.302)
(0.729, 0.271)
(0.552, 0.448)
(0.376, 0.624)
(0.343, 0.657)
(0.376, 0.624)
(0.366, 0.634)
(0.573, 0.427)
(0.651, 0.349)
(0.703, 0.297)
(0.415, 0.585)
(0.57, 0.43)
(0.35, 0.65)
(0.549, 0.451)
(0.39, 0.61)
(0.319, 0.681)
(0.43, 0.57)
(0.304, 0.696)
(0.537, 0.463)
(0.548, 0.452)
(0.543, 0.457)
(0.42, 0.58)
(0.683, 0.317)
(0.49, 0.51)
(0.705, 0.295)
(0.63, 0.37)
(0.397, 0.603)
(0.468, 0.532)
(0.519, 0.481)
(0.452, 0.548)
(0.355, 0.645)
(0.397, 0.603)
(0.53, 0.47)
(0.524, 0.476)
(0.578, 0.422)
(0.577, 0.423)
(0.538, 0.462)
(0.471, 0.529)
(0.288, 0.712)
(0.496, 0.504)
(0.394, 0.606)
(0.539, 0.461)
(0.512, 0.488)
(0.429, 0.571)
(0.413, 0.587)
(0.621, 0.379)
(0.589, 0.411)
(0.519, 0.481)
(0.573, 0.427)
(0.583, 0.417)
(0.63, 0.37)
(0.466, 0.534)
(0.515, 0.485)
(0.34, 0.66)
(0.445, 0.555)
(0.485, 0.515)
(0.422, 0.578)
(0.635, 0.365)
(0.477, 0.523)
(0.575, 0.425)
(0.463, 0.537)
(0.511, 0.489)
(0.469, 0.531)
(0.531, 0.469)
(0.53, 0.47)
(0.626, 0.374)
(0.48, 0.52)
(0.649, 0.351)
(0.439, 0.561)
(0.44, 0.56)
(0.542, 0.458)
(0.433, 0.567)
(0.512, 0.488)
(0.627, 0.373)
(0.551, 0.449)
(0.383, 0.617)
(0.309, 0.691)
(0.534, 0.466)
(0.534, 0.466)
(0.385, 0.615)
(0.353, 0.647)
(0.553, 0.447)
(0.545, 0.455)
(0.463, 0.537)
(0.309, 0.691)
(0.41, 0.59)
(0.61, 0.39)
(0.569, 0.431)
(0.47, 0.53)
(0.584, 0.416)
(0.581, 0.419)
(0.463, 0.537)
(0.479, 0.521)
(0.585, 0.415)
(0.402, 0.598)
(0.45, 0.55)
(0.458, 0.542)
(0.464, 0.536)
(0.5, 0.5)
(0.499, 0.501)
(0.511, 0.489)
(0.316, 0.684)
(0.493, 0.507)
(0.465, 0.535)
(0.562, 0.438)
(0.521, 0.479)
(0.5, 0.5)
(0.458, 0.542)
(0.525, 0.475)
(0.486, 0.514)
(0.458, 0.542)
(0.538, 0.462)
(0.5, 0.5)
(0.559, 0.441)
(0.542, 0.458)
(0.551, 0.449)
(0.525, 0.475)
(0.455, 0.545)
(0.477, 0.523)
(0.507, 0.493)
(0.485, 0.515)
(0.645, 0.355)
(0.511, 0.489)
(0.561, 0.439)
(0.571, 0.429)
(0.548, 0.452)
(0.484, 0.516)
(0.5, 0.5)
(0.514, 0.486)
(0.508, 0.492)
(0.549, 0.451)
(0.607, 0.393)
(0.623, 0.377)
(0.492, 0.508)
(0.358, 0.642)
(0.462, 0.538)
(0.457, 0.543)
(0.659, 0.341)
(0.414, 0.586)
(0.398, 0.602)
(0.553, 0.447)
(0.58, 0.42)
(0.467, 0.533)
(0.565, 0.435)
(0.534, 0.466)
(0.556, 0.444)
(0.469, 0.531)
(0.65, 0.35)
(0.582, 0.418)
(0.511, 0.489)
(0.468, 0.532)
(0.411, 0.589)
(0.535, 0.465)
(0.354, 0.646)
(0.548, 0.452)
(0.412, 0.588)
(0.538, 0.462)
(0.487, 0.513)
(0.415, 0.585)
(0.423, 0.577)
(0.457, 0.543)
(0.412, 0.588)
(0.451, 0.549)
(0.491, 0.509)
(0.523, 0.477)
(0.463, 0.537)
(0.474, 0.526)
(0.528, 0.472)
(0.507, 0.493)
(0.5, 0.5)
(0.468, 0.532)
(0.396, 0.604)
(0.495, 0.505)
(0.448, 0.552)
(0.673, 0.327)
(0.559, 0.441)
(0.679, 0.321)
(0.574, 0.426)
(0.453, 0.547)
(0.634, 0.366)
(0.578, 0.422)
(0.539, 0.461)
(0.545, 0.455)
(0.504, 0.496)
(0.486, 0.514)
(0.539, 0.461)
(0.517, 0.483)
(0.318, 0.682)
(0.591, 0.409)
(0.676, 0.324)
(0.493, 0.507)
(0.338, 0.662)
(0.416, 0.584)
(0.303, 0.697)
(0.621, 0.379)
(0.591, 0.409)
(0.488, 0.512)
(0.632, 0.368)
(0.396, 0.604)
(0.64, 0.36)
(0.473, 0.527)
(0.467, 0.533)
(0.603, 0.397)
(0.586, 0.414)
(0.423, 0.577)
(0.489, 0.511)
(0.681, 0.319)
(0.485, 0.515)
(0.483, 0.517)
(0.332, 0.668)
(0.583, 0.417)
(0.545, 0.455)
(0.53, 0.47)
(0.449, 0.551)
(0.49, 0.51)
(0.56, 0.44)
(0.685, 0.315)
(0.553, 0.447)
(0.514, 0.486)
(0.481, 0.519)
(0.659, 0.341)
(0.308, 0.692)
(0.494, 0.506)
(0.421, 0.579)
(0.543, 0.457)
(0.475, 0.525)
(0.528, 0.472)
(0.553, 0.447)
(0.568, 0.432)
(0.476, 0.524)
(0.629, 0.371)
(0.575, 0.425)
(0.449, 0.551)
(0.541, 0.459)
(0.573, 0.427)
(0.47, 0.53)
(0.568, 0.432)
(0.573, 0.427)
(0.591, 0.409)
(0.656, 0.344)
(0.582, 0.418)
(0.399, 0.601)
(0.512, 0.488)
(0.458, 0.542)
(0.479, 0.521)
(0.503, 0.497)
(0.528, 0.472)
(0.504, 0.496)
(0.571, 0.429)
(0.483, 0.517)
(0.437, 0.563)
(0.393, 0.607)
(0.379, 0.621)
(0.611, 0.389)
(0.548, 0.452)
(0.438, 0.562)
(0.459, 0.541)
(0.493, 0.507)
(0.566, 0.434)
(0.608, 0.392)
(0.462, 0.538)
(0.436, 0.564)
(0.488, 0.512)
(0.37, 0.63)
(0.412, 0.588)
(0.506, 0.494)
(0.499, 0.501)
(0.562, 0.438)
(0.58, 0.42)
(0.533, 0.467)
(0.571, 0.429)
(0.595, 0.405)
(0.365, 0.635)
(0.457, 0.543)
(0.459, 0.541)
(0.47, 0.53)
(0.509, 0.491)
(0.525, 0.475)
(0.583, 0.417)
(0.509, 0.491)
(0.53, 0.47)
(0.554, 0.446)
(0.448, 0.552)
(0.432, 0.568)
(0.459, 0.541)
(0.519, 0.481)
(0.435, 0.565)
(0.469, 0.531)
(0.578, 0.422)
(0.517, 0.483)
(0.514, 0.486)
(0.488, 0.512)
(0.538, 0.462)
(0.56, 0.44)
(0.57, 0.43)
(0.543, 0.457)
(0.429, 0.571)
(0.538, 0.462)
(0.553, 0.447)
(0.492, 0.508)
(0.511, 0.489)
(0.668, 0.332)
(0.668, 0.332)
(0.537, 0.463)
(0.612, 0.388)
(0.525, 0.475)
(0.264, 0.736)
(0.599, 0.401)
(0.587, 0.413)
(0.605, 0.395)
(0.544, 0.456)
(0.512, 0.488)
(0.522, 0.478)
(0.578, 0.422)
(0.412, 0.588)
(0.434, 0.566)
(0.498, 0.502)
(0.537, 0.463)
(0.565, 0.435)
(0.673, 0.327)
(0.693, 0.307)
(0.421, 0.579)
(0.335, 0.665)
(0.468, 0.532)
(0.488, 0.512)
(0.672, 0.328)
(0.201, 0.799)
(0.747, 0.253)
(0.674, 0.326)
(0.524, 0.476)
(0.414, 0.586)
(0.434, 0.566)
(0.29, 0.71)
(0.492, 0.508)
(0.555, 0.445)
(0.568, 0.432)
(0.446, 0.554)
(0.519, 0.481)
(0.433, 0.567)
(0.489, 0.511)
(0.314, 0.686)
(0.275, 0.725)
(0.33, 0.67)
(0.645, 0.355)
(0.459, 0.541)
(0.395, 0.605)
(0.723, 0.277)
(0.488, 0.512)
(0.241, 0.759)
(0.6, 0.4)
(0.507, 0.493)
(0.458, 0.542)
(0.657, 0.343)
(0.525, 0.475)
(0.417, 0.583)
(0.634, 0.366)
(0.377, 0.623)
(0.201, 0.799)
(0.694, 0.306)
(0.744, 0.256)
(0.4, 0.6)
(0.429, 0.571)
(0.384, 0.616)
(0.293, 0.707)
(0.482, 0.518)
(0.595, 0.405)
(0.547, 0.453)
(0.403, 0.597)
(0.477, 0.523)
(0.712, 0.288)
(0.612, 0.388)
(0.574, 0.426)
(0.728, 0.272)
(0.608, 0.392)
(0.422, 0.578)
(0.589, 0.411)
(0.695, 0.305)
(0.785, 0.215)
(0.359, 0.641)
(0.53, 0.47)
(0.565, 0.435)
(0.619, 0.381)
(0.551, 0.449)
(0.712, 0.288)
(0.507, 0.493)
(0.278, 0.722)
(0.662, 0.338)
(0.575, 0.425)
(0.533, 0.467)
(0.299, 0.701)
(0.357, 0.643)
(0.383, 0.617)
(0.629, 0.371)
(0.385, 0.615)
(0.379, 0.621)
(0.383, 0.617)
(0.596, 0.404)
(0.739, 0.261)
(0.253, 0.747)
(0.377, 0.623)
(0.496, 0.504)
(0.599, 0.401)
(0.485, 0.515)
(0.488, 0.512)
(0.633, 0.367)
(0.578, 0.422)
(0.405, 0.595)
(0.476, 0.524)
(0.699, 0.301)
(0.483, 0.517)
(0.509, 0.491)
(0.644, 0.356)
(0.362, 0.638)
(0.374, 0.626)
(0.586, 0.414)
(0.623, 0.377)
(0.408, 0.592)
(0.382, 0.618)
(0.557, 0.443)
(0.373, 0.627)
(0.32, 0.68)
(0.533, 0.467)
(0.418, 0.582)
(0.427, 0.573)
(0.366, 0.634)
(0.42, 0.58)
(0.48, 0.52)
(0.473, 0.527)
(0.675, 0.325)
(0.715, 0.285)
(0.481, 0.519)
(0.624, 0.376)
(0.578, 0.422)
(0.61, 0.39)
(0.475, 0.525)
(0.64, 0.36)
(0.482, 0.518)
(0.611, 0.389)
(0.596, 0.404)
(0.592, 0.408)
(0.478, 0.522)
(0.367, 0.633)
(0.537, 0.463)
(0.351, 0.649)
(0.463, 0.537)
(0.689, 0.311)
(0.403, 0.597)
(0.512, 0.488)
(0.468, 0.532)
(0.512, 0.488)
(0.421, 0.579)
(0.59, 0.41)
(0.232, 0.768)
(0.68, 0.32)
(0.576, 0.424)
(0.798, 0.202)
(0.168, 0.832)
(0.347, 0.653)
(0.815, 0.185)
(0.7, 0.3)
(0.485, 0.515)
(0.204, 0.796)
(0.678, 0.322)
(0.742, 0.258)
(0.766, 0.234)
(0.602, 0.398)
(0.39, 0.61)
(0.559, 0.441)
(0.681, 0.319)
(0.251, 0.749)
(0.339, 0.661)
(0.571, 0.429)
(0.564, 0.436)
(0.841, 0.159)
(0.846, 0.154)
(0.19, 0.81)
(0.184, 0.816)
(0.523, 0.477)
(0.185, 0.815)
(0.824, 0.176)
(0.806, 0.194)
(0.786, 0.214)
(0.82, 0.18)
(0.372, 0.628)
(0.347, 0.653)
(0.725, 0.275)
(0.487, 0.513)
(0.24, 0.76)
(0.772, 0.228)
(0.832, 0.168)
(0.202, 0.798)
(0.518, 0.482)
(0.274, 0.726)
(0.164, 0.836)
(0.728, 0.272)
(0.697, 0.303)
(0.616, 0.384)
(0.182, 0.818)
(0.825, 0.175)
(0.382, 0.618)
(0.538, 0.462)
(0.325, 0.675)
(0.667, 0.333)
(0.344, 0.656)
(0.653, 0.347)
(0.599, 0.401)
(0.281, 0.719)
(0.218, 0.782)
(0.326, 0.674)
(0.753, 0.247)
(0.722, 0.278)
(0.177, 0.823)
(0.445, 0.555)
(0.777, 0.223)
(0.177, 0.823)
(0.39, 0.61)
(0.831, 0.169)
(0.146, 0.854)
(0.344, 0.656)
(0.148, 0.852)
(0.154, 0.846)
(0.818, 0.182)
(0.757, 0.243)
(0.775, 0.225)
(0.289, 0.711)
(0.256, 0.744)
(0.449, 0.551)
(0.231, 0.769)
(0.132, 0.868)
(0.641, 0.359)
(0.791, 0.209)
(0.287, 0.713)
(0.231, 0.769)
(0.571, 0.429)
(0.417, 0.583)
(0.707, 0.293)
(0.759, 0.241)
(0.345, 0.655)
(0.686, 0.314)
(0.377, 0.623)
(0.445, 0.555)
(0.736, 0.264)
(0.629, 0.371)
(0.692, 0.308)
(0.674, 0.326)
(0.722, 0.278)
(0.61, 0.39)
(0.272, 0.728)
(0.521, 0.479)
(0.415, 0.585)
(0.749, 0.251)
(0.533, 0.467)
(0.57, 0.43)
(0.329, 0.671)
(0.671, 0.329)
(0.347, 0.653)
(0.573, 0.427)
(0.74, 0.26)
(0.174, 0.826)
(0.687, 0.313)
(0.622, 0.378)
(0.443, 0.557)
(0.679, 0.321)
(0.679, 0.321)
(0.498, 0.502)
(0.317, 0.683)
(0.249, 0.751)
(0.563, 0.437)
(0.276, 0.724)
(0.626, 0.374)
(0.312, 0.688)
(0.349, 0.651)
(0.578, 0.422)
(0.378, 0.622)
(0.526, 0.474)
(0.185, 0.815)
(0.293, 0.707)
(0.765, 0.235)
(0.177, 0.823)
(0.154, 0.846)
(0.74, 0.26)
(0.478, 0.522)
(0.27, 0.73)
(0.433, 0.567)
(0.703, 0.297)
(0.689, 0.311)
(0.475, 0.525)
(0.446, 0.554)
(0.429, 0.571)
(0.36, 0.64)
(0.506, 0.494)
(0.255, 0.745)
(0.651, 0.349)
(0.685, 0.315)
(0.514, 0.486)
(0.417, 0.583)
(0.4, 0.6)
(0.681, 0.319)
(0.712, 0.288)
(0.41, 0.59)
(0.259, 0.741)
(0.404, 0.596)
(0.562, 0.438)
(0.437, 0.563)
(0.544, 0.456)
(0.566, 0.434)
(0.683, 0.317)
(0.486, 0.514)
(0.449, 0.551)
(0.533, 0.467)
(0.255, 0.745)
(0.59, 0.41)
(0.451, 0.549)
(0.403, 0.597)
(0.157, 0.843)
(0.138, 0.862)
(0.193, 0.807)
(0.673, 0.327)
(0.706, 0.294)
(0.417, 0.583)
(0.523, 0.477)
(0.288, 0.712)
(0.396, 0.604)
(0.461, 0.539)
(0.215, 0.785)
(0.359, 0.641)
(0.367, 0.633)
(0.563, 0.437)
(0.395, 0.605)
(0.315, 0.685)
(0.482, 0.518)
(0.587, 0.413)
(0.589, 0.411)
(0.239, 0.761)
(0.729, 0.271)
(0.262, 0.738)
(0.16, 0.84)
(0.524, 0.476)
(0.623, 0.377)
(0.182, 0.818)
(0.671, 0.329)
(0.603, 0.397)
(0.443, 0.557)
(0.678, 0.322)
(0.508, 0.492)
(0.721, 0.279)
(0.756, 0.244)
(0.453, 0.547)
(0.728, 0.272)
(0.507, 0.493)
(0.408, 0.592)
(0.525, 0.475)
(0.356, 0.644)
(0.399, 0.601)
(0.574, 0.426)
(0.589, 0.411)
(0.62, 0.38)
(0.541, 0.459)
(0.397, 0.603)
(0.584, 0.416)
(0.55, 0.45)
(0.452, 0.548)
(0.449, 0.551)
(0.29, 0.71)
(0.284, 0.716)
(0.692, 0.308)
(0.385, 0.615)
(0.417, 0.583)
(0.584, 0.416)
(0.619, 0.381)
(0.46, 0.54)
(0.452, 0.548)
(0.387, 0.613)
(0.39, 0.61)
(0.4, 0.6)
(0.348, 0.652)
(0.561, 0.439)
(0.227, 0.773)
(0.514, 0.486)
(0.554, 0.446)
(0.32, 0.68)
(0.71, 0.29)
(0.739, 0.261)
(0.471, 0.529)
(0.503, 0.497)
(0.399, 0.601)
(0.449, 0.551)
(0.483, 0.517)
(0.56, 0.44)
(0.413, 0.587)
(0.596, 0.404)
(0.613, 0.387)
(0.571, 0.429)
(0.446, 0.554)
(0.421, 0.579)
(0.373, 0.627)
(0.575, 0.425)
(0.482, 0.518)
(0.452, 0.548)
(0.604, 0.396)
(0.467, 0.533)
(0.63, 0.37)
(0.557, 0.443)
(0.402, 0.598)
(0.545, 0.455)
(0.515, 0.485)
(0.57, 0.43)
(0.603, 0.397)
(0.505, 0.495)
(0.462, 0.538)
(0.556, 0.444)
(0.469, 0.531)
(0.48, 0.52)
(0.62, 0.38)
(0.421, 0.579)
(0.497, 0.503)
(0.48, 0.52)
(0.613, 0.387)
(0.507, 0.493)
(0.544, 0.456)
(0.598, 0.402)
(0.425, 0.575)
(0.433, 0.567)
(0.619, 0.381)
(0.537, 0.463)
(0.391, 0.609)
(0.377, 0.623)
(0.631, 0.369)
(0.5, 0.5)
(0.426, 0.574)
(0.497, 0.503)
(0.361, 0.639)
(0.549, 0.451)
(0.417, 0.583)
(0.47, 0.53)
(0.426, 0.574)
(0.509, 0.491)
(0.634, 0.366)
(0.552, 0.448)
(0.467, 0.533)
(0.47, 0.53)
(0.472, 0.528)
(0.487, 0.513)
(0.532, 0.468)
(0.543, 0.457)
(0.546, 0.454)
(0.503, 0.497)
(0.415, 0.585)
(0.424, 0.576)
(0.749, 0.251)
(0.29, 0.71)
(0.553, 0.447)
(0.614, 0.386)
(0.636, 0.364)
(0.341, 0.659)
(0.707, 0.293)
(0.563, 0.437)
(0.581, 0.419)
(0.503, 0.497)
(0.519, 0.481)
(0.45, 0.55)
(0.508, 0.492)
(0.676, 0.324)
(0.489, 0.511)
(0.599, 0.401)
(0.581, 0.419)
(0.484, 0.516)
(0.474, 0.526)
(0.559, 0.441)
(0.512, 0.488)
(0.385, 0.615)
(0.732, 0.268)
(0.42, 0.58)
(0.689, 0.311)
(0.592, 0.408)
(0.504, 0.496)
(0.328, 0.672)
(0.526, 0.474)
(0.493, 0.507)
(0.607, 0.393)
(0.599, 0.401)
(0.485, 0.515)
(0.574, 0.426)
(0.544, 0.456)
(0.418, 0.582)
(0.298, 0.702)
(0.397, 0.603)
(0.584, 0.416)
(0.513, 0.487)
(0.438, 0.562)
(0.516, 0.484)
(0.389, 0.611)
(0.35, 0.65)
(0.459, 0.541)
(0.564, 0.436)
(0.505, 0.495)
(0.417, 0.583)
(0.511, 0.489)
(0.489, 0.511)
(0.584, 0.416)
(0.539, 0.461)
(0.513, 0.487)
(0.441, 0.559)
(0.544, 0.456)
(0.485, 0.515)
(0.641, 0.359)
(0.556, 0.444)
(0.585, 0.415)
(0.516, 0.484)
(0.454, 0.546)
(0.452, 0.548)
(0.46, 0.54)
(0.434, 0.566)
(0.544, 0.456)
(0.589, 0.411)
(0.391, 0.609)
(0.538, 0.462)
(0.386, 0.614)
(0.398, 0.602)
(0.456, 0.544)
(0.577, 0.423)
(0.59, 0.41)
(0.555, 0.445)
(0.446, 0.554)
(0.602, 0.398)
(0.56, 0.44)
(0.429, 0.571)
(0.501, 0.499)
(0.455, 0.545)
(0.534, 0.466)
(0.539, 0.461)
(0.475, 0.525)
(0.513, 0.487)
(0.584, 0.416)
(0.546, 0.454)
(0.536, 0.464)
(0.544, 0.456)
(0.339, 0.661)
(0.608, 0.392)
(0.578, 0.422)
(0.387, 0.613)
(0.464, 0.536)
(0.464, 0.536)
(0.519, 0.481)
(0.49, 0.51)
(0.507, 0.493)
(0.587, 0.413)
(0.503, 0.497)
(0.374, 0.626)
(0.404, 0.596)
(0.561, 0.439)
(0.597, 0.403)
(0.567, 0.433)
(0.46, 0.54)
(0.491, 0.509)
(0.525, 0.475)
(0.448, 0.552)
(0.486, 0.514)
(0.502, 0.498)
(0.631, 0.369)
(0.561, 0.439)
(0.56, 0.44)
(0.577, 0.423)
(0.514, 0.486)
(0.52, 0.48)
(0.487, 0.513)
(0.483, 0.517)
(0.454, 0.546)
(0.489, 0.511)
(0.377, 0.623)
(0.64, 0.36)
(0.439, 0.561)
(0.459, 0.541)
(0.494, 0.506)
(0.464, 0.536)
(0.399, 0.601)
(0.485, 0.515)
(0.594, 0.406)
(0.429, 0.571)
(0.468, 0.532)
(0.536, 0.464)
(0.5, 0.5)
(0.466, 0.534)
(0.458, 0.542)
(0.562, 0.438)
(0.677, 0.323)
(0.501, 0.499)
(0.508, 0.492)
(0.626, 0.374)
(0.626, 0.374)
(0.441, 0.559)
(0.378, 0.622)
(0.477, 0.523)
(0.542, 0.458)
(0.227, 0.773)
(0.454, 0.546)
(0.764, 0.236)
(0.665, 0.335)
(0.201, 0.799)
(0.449, 0.551)
(0.491, 0.509)
(0.647, 0.353)
(0.408, 0.592)
(0.545, 0.455)
(0.368, 0.632)
(0.674, 0.326)
(0.452, 0.548)
(0.471, 0.529)
(0.511, 0.489)
(0.557, 0.443)
(0.424, 0.576)
(0.633, 0.367)
(0.533, 0.467)
(0.504, 0.496)
(0.665, 0.335)
(0.373, 0.627)
(0.587, 0.413)
(0.291, 0.709)
(0.611, 0.389)
(0.654, 0.346)
(0.357, 0.643)
(0.533, 0.467)
(0.575, 0.425)
(0.587, 0.413)
(0.715, 0.285)
(0.658, 0.342)
(0.232, 0.768)
(0.793, 0.207)
(0.29, 0.71)
(0.305, 0.695)
(0.71, 0.29)
(0.478, 0.522)
(0.617, 0.383)
(0.456, 0.544)
(0.308, 0.692)
(0.443, 0.557)
(0.382, 0.618)
(0.604, 0.396)
(0.439, 0.561)
(0.312, 0.688)
(0.407, 0.593)
(0.672, 0.328)
(0.424, 0.576)
(0.381, 0.619)
(0.7, 0.3)
(0.554, 0.446)
(0.457, 0.543)
(0.302, 0.698)
(0.696, 0.304)
(0.696, 0.304)
(0.663, 0.337)
(0.62, 0.38)
(0.303, 0.697)
(0.509, 0.491)
(0.626, 0.374)
(0.665, 0.335)
(0.584, 0.416)
(0.706, 0.294)
(0.598, 0.402)
(0.577, 0.423)
(0.736, 0.264)
(0.51, 0.49)
(0.341, 0.659)
(0.39, 0.61)
(0.706, 0.294)
(0.706, 0.294)
(0.456, 0.544)
(0.693, 0.307)
(0.394, 0.606)
(0.641, 0.359)
(0.675, 0.325)
(0.419, 0.581)
(0.23, 0.77)
(0.383, 0.617)
(0.59, 0.41)
(0.774, 0.226)
(0.45, 0.55)
(0.448, 0.552)
(0.456, 0.544)
(0.541, 0.459)
(0.614, 0.386)
(0.639, 0.361)
(0.606, 0.394)
(0.753, 0.247)
(0.679, 0.321)
(0.551, 0.449)
(0.629, 0.371)
(0.21, 0.79)
(0.408, 0.592)
(0.443, 0.557)
(0.28, 0.72)
(0.343, 0.657)
(0.6, 0.4)
(0.579, 0.421)
(0.37, 0.63)
(0.548, 0.452)
(0.444, 0.556)
(0.272, 0.728)
(0.317, 0.683)
(0.239, 0.761)
(0.258, 0.742)
(0.365, 0.635)
(0.528, 0.472)
(0.673, 0.327)
(0.691, 0.309)
(0.69, 0.31)
(0.545, 0.455)
(0.311, 0.689)
(0.61, 0.39)
(0.607, 0.393)
(0.215, 0.785)
(0.302, 0.698)
(0.681, 0.319)
(0.773, 0.227)
(0.464, 0.536)
(0.356, 0.644)
(0.507, 0.493)
(0.636, 0.364)
(0.767, 0.233)
(0.308, 0.692)
(0.614, 0.386)
(0.413, 0.587)
(0.38, 0.62)
(0.257, 0.743)
(0.35, 0.651)
(0.356, 0.644)
(0.425, 0.575)
(0.606, 0.394)
(0.678, 0.322)
(0.472, 0.528)
(0.409, 0.591)
(0.407, 0.593)
(0.454, 0.546)
(0.295, 0.705)
(0.48, 0.52)
(0.543, 0.457)
(0.536, 0.464)
(0.785, 0.215)
(0.617, 0.383)
(0.448, 0.552)
(0.499, 0.501)
(0.596, 0.404)
(0.607, 0.393)
(0.644, 0.356)
(0.611, 0.389)
(0.424, 0.576)
(0.573, 0.427)
(0.382, 0.618)
(0.455, 0.545)
(0.19, 0.81)
(0.335, 0.665)
(0.527, 0.473)
(0.648, 0.352)
(0.39, 0.61)
(0.307, 0.693)
(0.332, 0.668)
(0.377, 0.623)
(0.606, 0.394)
(0.242, 0.758)
(0.574, 0.426)
(0.697, 0.303)
(0.341, 0.659)
(0.691, 0.309)
(0.748, 0.252)
(0.435, 0.565)
(0.673, 0.327)
(0.769, 0.231)
(0.538, 0.462)
(0.514, 0.486)
(0.587, 0.413)
(0.29, 0.71)
(0.636, 0.364)
(0.634, 0.366)
(0.27, 0.73)
(0.382, 0.618)
(0.173, 0.827)
(0.737, 0.263)
(0.455, 0.545)
(0.581, 0.419)
(0.436, 0.564)
(0.546, 0.454)
(0.404, 0.596)
(0.503, 0.497)
(0.235, 0.765)
(0.176, 0.824)
(0.706, 0.294)
(0.66, 0.34)
(0.71, 0.29)
(0.22, 0.78)
(0.421, 0.579)
(0.546, 0.454)
(0.702, 0.298)
(0.553, 0.447)
(0.595, 0.405)
(0.655, 0.345)
(0.409, 0.591)
(0.421, 0.579)
(0.388, 0.612)
(0.444, 0.556)
(0.407, 0.593)
(0.529, 0.471)
(0.475, 0.525)
(0.525, 0.475)
(0.205, 0.795)
(0.382, 0.618)
(0.436, 0.564)
(0.566, 0.434)
(0.171, 0.829)
(0.363, 0.637)
(0.316, 0.684)
(0.565, 0.435)
(0.423, 0.577)
(0.438, 0.562)
(0.486, 0.514)
(0.642, 0.358)
(0.646, 0.354)
(0.694, 0.306)
(0.629, 0.371)
(0.622, 0.378)
(0.505, 0.495)
(0.624, 0.376)
(0.349, 0.651)
(0.492, 0.508)
(0.348, 0.652)
(0.485, 0.515)
(0.381, 0.619)
(0.347, 0.653)
(0.656, 0.344)
(0.736, 0.264)
(0.318, 0.682)
(0.441, 0.559)
(0.452, 0.548)
(0.6, 0.4)
(0.438, 0.562)
(0.667, 0.333)
(0.592, 0.408)
(0.553, 0.447)
(0.396, 0.604)
(0.603, 0.397)
(0.509, 0.491)
(0.647, 0.353)
(0.651, 0.349)
(0.516, 0.484)
(0.713, 0.287)
(0.481, 0.519)
(0.247, 0.753)
(0.33, 0.67)
(0.633, 0.367)
(0.504, 0.496)
(0.379, 0.621)
(0.55, 0.45)
(0.594, 0.406)
(0.629, 0.371)
(0.559, 0.441)
(0.631, 0.369)
(0.33, 0.67)
(0.316, 0.684)
(0.347, 0.653)
(0.381, 0.619)
(0.462, 0.538)
(0.256, 0.744)
(0.339, 0.661)
(0.701, 0.299)
(0.671, 0.329)
(0.483, 0.517)
(0.38, 0.62)
(0.442, 0.558)
(0.24, 0.76)
(0.492, 0.508)
(0.53, 0.47)
(0.54, 0.46)
(0.509, 0.491)
(0.436, 0.564)
(0.523, 0.477)
(0.527, 0.473)
(0.442, 0.558)
(0.46, 0.54)
(0.451, 0.549)
(0.539, 0.461)
(0.575, 0.425)
(0.278, 0.722)
(0.382, 0.618)
(0.641, 0.359)
(0.646, 0.354)
(0.396, 0.604)
(0.633, 0.367)
(0.65, 0.35)
(0.426, 0.574)
(0.544, 0.456)
(0.598, 0.402)
(0.616, 0.384)
(0.568, 0.432)
(0.446, 0.554)
(0.621, 0.379)
(0.519, 0.481)
(0.514, 0.486)
(0.474, 0.526)
(0.512, 0.488)
(0.576, 0.424)
(0.416, 0.584)
(0.404, 0.596)
(0.483, 0.517)
(0.456, 0.544)
(0.585, 0.415)
(0.492, 0.508)
(0.377, 0.623)
(0.476, 0.524)
(0.45, 0.55)
(0.545, 0.455)
(0.369, 0.631)
(0.581, 0.419)
(0.662, 0.338)
(0.592, 0.408)
(0.712, 0.288)
(0.629, 0.371)
(0.387, 0.613)
(0.568, 0.432)
(0.689, 0.311)
(0.482, 0.518)
(0.379, 0.621)
(0.46, 0.54)
(0.575, 0.425)
(0.624, 0.376)
(0.574, 0.426)
(0.676, 0.324)
(0.363, 0.637)
(0.368, 0.632)
(0.411, 0.589)
(0.45, 0.55)
(0.281, 0.719)
(0.314, 0.686)
(0.481, 0.519)
(0.61, 0.39)
(0.596, 0.404)
(0.635, 0.365)
(0.566, 0.434)
(0.508, 0.492)
(0.532, 0.468)
(0.529, 0.471)
(0.462, 0.538)
(0.444, 0.556)
(0.509, 0.491)
(0.577, 0.423)
(0.576, 0.424)
(0.546, 0.454)
(0.551, 0.449)
(0.471, 0.529)
(0.592, 0.408)
(0.49, 0.51)
(0.597, 0.403)
(0.561, 0.439)

